95822412
24942603
13356886
46913810
42868828
39958838
28728463
23756669
83197857
21668732
89254563
66629388
14265799
13999315
22575562
39345092
41227216
77827638
90801586
13561597
85329037
36687537
97226012
83140807
66306997
39587039
70291817
89089901
47338124
10872248
31429110
66722344
55667651
47295260
30868105
38898923
55176955
23718431
22448136
60992979
22981052
58181396
56164955
91030736
45503389
15831819
71662963
81971316
26753883
60806024
20576383
84093639
49349722
94374605
93016315
58537831
87490893
35808537
19335534
16150444
98753260
40587988
48840994
20709497
41244663
23556182
61019678
47308985
70855700
95320121
58966946
31831063
59684848
57683626
38119557
99949389
45833156
96977837
19583482
91756179
95225343
32969840
81691040
42857966
31931511
72043515
60929647
46231783
95899313
84752529
39476249
53524491
17507864
40742311
14308421
52339391
63843426
45935572
18883684
38317637
86125617
52235350
38538251
97971488
77005685
63100814
96282117
71586053
29175900
45551614
28740864
43101783
85345555
82340307
45264581
88461803
67503414
88320463
63606628
58586340
39436733
28566572
78387461
76238574
22201654
16323852
24716857
30514014
94214382
31472420
66661351
90048665
18526544
61642594
61220073
89978790
72820592
81016525
43744231
84252722
11540956
25374874
82070937
45812670
96028436
55657579
24972279
49392920
68353204
31227574
70897765
10435578
45351479
77187530
33978249
78139880
24282218
93926371
50056581
95758349
78137358
91734598
36697396
30513739
60185867
31682744
82394227
81182864
10076758
90388981
53507489
75579548
12614124
25014631
58718453
51273847
42138745
17774584
42329237
86149359
20570592
21496211
75228535
19289546
81498611
26879290
27232410
98550256
73791320
83793389
32162965
45575298
80823176
91415657
66792612
38427073
82383095
36998038
51837852
63551839
97225156
60119651
68800797
79467853
70597444
26240908
43273328
40158366
18593410
55377076
12823170
88961459
84346088
40885476
88979095
39557077
10965138
19528530
94705205
17901903
40728046
19046318
14216175
54349361
19510312
79008866
41944441
47376585
99788677
75151231
38754377
82374753
27758595
86644106
87337818
73440831
42614537
73481353
64634663
35556386
22660194
23009833
98447167
67854710
57553014
66851760
65177213
72682989
17270733
97705310
96728778
23209423
18135295
64038913
55540424
24665841
43374088
35714784
35529407
81979055
70211891
28814949
66623995
34627347
47385696
72092888
43528453
20117988
69476001
83863413
23141087
16789850
97529405
82556484
11980765
22517517
41726318
32321899
64547971
75181648
74606833
38688676
63826716
17869910
32097220
60864911
10289289
62401521
45594951
71070189
48285503
66775103
84593961
98834863
75319931
30776478
35487660
49823450
39219319
17849494
87736262
82772208
18181586
52091325
17672593
16729990
88406989
73993471
77491435
81286543
31130263
17634247
78159587
20752378
34941004
19196777
89864260
19121552
41568532
64193837
26090908
86460539
43046464
87701200
89795010
15334035
93131979
21003626
66267415
98231132
88339168
85863473
80166708
52462441
44999379
37415205
99889098
52169044
42035886
45650176
63121477
27566185
96637649
50264926
71367643
52436584
19736572
11250299
71510041
93370583
85563727
23419256
19832887
82160068
38609087
77898694
45594597
27778019
56843172
19233013
42787299
59597086
48250360
31172421
68812137
82909480
50603163
92097999
97775215
80993218
11049999
99639081
84437458
50181935
99038526
23903144
28024248
45496015
25492573
24366125
84252420
30863865
46553958
47816686
91178885
38270233
56020613
37326368
95125977
45431319
77834855
75569635
43704923
16818112
22388090
95132217
66851377
47135391
15917225
10475894
54769200
27558317
95511909
45159040
31687165
69302158
84045292
67403166
85283645
11297845
25015458
20099059
30005727
83227889
14835614
59555330
88183110
84158663
29876811
67684996
27105448
15614174
51373735
58942697
15354599
58024342
38195995
43491314
99514287
23796726
57469942
85146293
64543049
93303777
30743797
41774346
31810617
33763566
65337219
13326769
34073380
54585178
65259205
99913412
43308443
45810056
31367172
24508349
61343880
15197528
73174945
39854548
36786211
71780854
56930359
50962024
40547349
39920292
13176186
98588154
35921441
63481198
54058573
47393469
19317495
47463522
57130035
96098221
78371272
63643924
81969657
54446182
13704481
25480907
45059710
33966966
87925434
45630292
15134794
24549543
90070438
68326160
56397338
52101056
68571795
91363974
78642041
25521714
61700055
87388337
35511941
44188276
15957459
68526649
10226999
79782527
82269803
36445607
58884978
67887757
19391725
99152472
54318698
93638503
52133044
99038359
26726926
50308572
78064830
51511484
99508850
64813568
53779528
64009265
49682169
84411983
27084279
35748341
66431351
99245317
60888017
33357554
92613013
86384014
50392808
64502486
83542887
10054484
50785405
48508907
38210242
67698610
87844239
91424737
97873101
53251559
72409658
69295515
69345683
38682516
78608612
73509974
32775593
98429450
21381064
48089166
79182797
99100953
94951883
93115778
54988206
22534217
41523529
51663795
40150759
36726767
29777514
13278320
16202700
42862209
73771720
92043803
19774839
71124923
65625330
94525678
87265240
36096655
61536717
76354180
63640499
42747037
29806690
98054615
10744212
24305904
67062156
39372360
33607110
79519112
72350830
16740197
84813739
43446826
26288475
71265269
27896471
72363359
99600766
81287314
85017682
89920257
52587010
69401199
92228802
77750178
67276174
83534128
69849511
31361812
73709724
70407340
44788100
43183955
95585469
47220099
79967676
75041510
94120751
42111036
46855845
69038700
20399639
48349783
41473195
46468984
55076693
52910691
82498004
20814950
28572252
30244148
41039390
61410126
30509175
38716269
18620650
65682626
64707061
54410148
82828034
72535301
65804273
18357162
37760841
66390708
62274692
88393811
12621534
87267850
61053877
74019136
10791358
57212267
50079111
62343121
66240084
82238741
83300637
90967191
39600202
75529051
39450273
46632757
68496914
75181765
13895645
62191530
55114543
99774697
64266464
32151928
72732043
27129912
93517915
81688860
13619375
62884503
89442503
85751409
98986321
13637575
21267237
96268397
67527432
28213276
71968116
34391257
16749089
44917589
60882459
53936531
38408562
71028710
53868501
55298556
60885459
47346970
66581473
43859311
20993268
73123515
12601580
82399599
16990811
56970882
40094589
97260863
19209801
97477029
15403355
14164775
43189803
36757737
12735359
93394260
30452412
42016960
26941092
73560289
99853245
25353091
85694715
39254705
72415804
44392446
59512272
32520277
91321540
91503378
25372341
31980274
51746937
24508768
87669750
13446499
51870192
87282128
60372847
63238057
36619372
20200074
89470029
94187049
42594692
23676961
50477742
90585882
26247735
85958181
15512205
56600900
81503856
67495923
98787891
59737181
19255216
77908907
96911784
55799273
11698142
66379329
75793759
24165187
68186525
58612055
95306788
71705170
30534124
68450095
33640702
80027662
97302916
46249845
92666356
82232344
74893936
72394301
68461818
89520597
46023439
53258988
42949803
21631697
47437115
70505620
42730796
72372114
86483924
91917334
99682738
60867083
55150390
13852048
76344695
53622663
34406132
75437844
38470244
57623800
44675473
55679506
47535126
90014570
47080140
84597009
11362459
79340535
35643159
21490777
42394260
64549859
75575808
84514489
42255732
73900135
96691619
75876924
70152969
12314351
22489409
49491631
39742165
64277800
42655866
51098277
99115205
88055069
59529086
73519947
84285882
81259135
56138336
67110154
83871890
54398056
57219209
70900658
46361787
51154241
43742830
40942292
26194158
35848226
52352128
26046365
81922443
34850391
35708194
39042654
74988034
47111151
89133014
80415568
90099897
47983442
23492385
36054020
49761527
40532273
58436637
34084236
50569669
11898961
81690398
26989677
46817443
16109013
17318358
84270583
49209916
26948946
95613415
75884623
23769080
11646234
87049595
48163378
73001391
74251933
69118721
55728776
34744872
16895666
43887075
74119726
25312516
18770247
63782042
76001106
19943140
87446468
94482772
17195288
30364454
30024960
85543051
50780112
21432787
43311626
25898299
84903294
65857931
91378577
90010790
93002706
40291214
80138498
61053474
70467027
69421007
49910061
88990506
67556566
50987442
86320155
93352876
18083974
91823275
23318904
37888820
93955206
38323322
45520201
98641164
20896797
31079846
42194159
33328859
84087145
20075036
31009452
10359129
64830300
70465583
89699989
73070585
49092160
14380847
41068214
48668783
47945817
70939053
19553585
41329612
45507920
93893865
89160218
98742485
36550845
67061186
25405014
83089925
40173413
96924061
29997018
45652586
29090631
19584466
18004482
32269779
51286958
89865458
86397676
48736657
68942178
26690465
72907576
50814428
64023778
46540265
77172238
82475098
76276072
68755000
20796722
90267122
15350023
67985905
53261270
91029073
43603811
13471527
22257687
40725714
87201917
88802305
12784407
46173157
87342561
15399803
33513701
73149551
79654147
97444123
69355025
47333543
34359060
88561612
68503492
95199362
75998319
22246348
73083727
56702542
64807553
54735895
53091709
99943797
24039158
31585546
54265498
65250068
76500726
48683937
98930456
63747791
83832717
14925405
71045700
21819185
52213778
43876400
53389073
25558733
64247457
79067939
10154493
98269682
82825679
72005415
65465150
17275149
35176902
79583757
58557203
93568503
76906611
93940940
69329732
16927215
37321124
45843681
83715012
27584297
48658617
68802946
75056916
26297533
13874790
94560158
91721371
42117961
31257157
51708177
83932360
11835355
84121929
64759583
22510327
40158811
25228493
71934487
25766039
96934122
30665654
76890827
49172995
78299645
46698468
65766169
74759996
73380266
42713008
71308842
83989546
29413516
61484043
35583290
90447099
78214937
28321839
19369750
47077298
65692629
55617282
78147397
45859307
10344303
47962005
50071487
88777447
87835998
98575748
75718414
29944139
69934576
82287061
75007200
56321751
54619335
84077101
82937948
60628276
71115319
53188224
35320492
42051937
86745380
61401477
41348220
65133300
15858241
52704903
73481797
61167978
61818612
99078806
97512508
30415230
76481885
14968688
26944487
77416376
89212676
54559574
23470708
69096899
23383077
80591959
71327848
12059919
29348212
65026398
97883261
30718012
20043277
73013961
45570755
55440919
93652460
63349308
97219599
20779739
54099326
81621574
61003997
52501540
94127561
75491202
82613940
14818295
92874006
19183277
41510328
94712997
48571356
40532691
22130508
68246664
23212812
95060193
23489853
69549527
32329103
50193656
13885234
16172803
53536830
17532195
49375156
58112135
60310319
67805802
29538047
42775624
81291936
65304649
85957578
34166826
32814819
33497411
20598952
91804602
61344226
93176117
42323627
76795767
88270025
29208935
41163805
71894493
95618110
44088261
71682508
44269370
99501846
11261301
72445234
48605268
83363160
31203129
19913576
69287967
56381032
88862539
50151803
95756900
66949781
43567615
71315464
50550084
36738452
61632653
74855088
24314759
41837210
61185849
86762164
58178682
87149951
49711319
49625201
12944682
98346110
63124147
46840133
11086890
85957706
16582607
91390501
76669607
48412328
40885967
91478884
57287718
39394291
95445405
35519083
93334601
43638559
98473848
28358198
94322033
23041121
94216001
96750368
15291208
51464269
69166287
14478111
87789079
58970845
27637794
22097496
49609054
53851498
65767881
33574011
36950221
27738187
82398083
59104566
81249799
77349752
46578001
32084778
44489940
74672520
49613214
55461591
25457816
72858374
20106509
28892086
40281491
63339667
84801233
59093496
22120246
62958901
11868130
45495029
82017516
26587799
71040347
59470729
45186708
88458327
61140376
95704631
59858348
24541967
41383044
73280554
13358751
93154172
85350823
54024257
91883846
39711402
96926431
18484847
95282470
72312933
50559278
97139443
64800542
25659979
28760553
16086345
14994527
50851122
76118957
25585427
23044889
41514326
82148284
28208520
62163160
70887034
59796322
99991136
82503409
66254240
88831486
30739712
65684858
97902129
23290458
75679047
92631441
64776386
47546086
14391105
59731689
39161443
69509870
69686067
41690501
58678896
23335151
59302863
83076970
96547189
58140388
18126895
63437398
47028180
35475673
26395999
71031132
22304198
98955314
38468360
96128115
95831286
90147573
12866549
16788532
54762841
42691263
26901217
85776373
37542226
19208698
84384510
37804191
88703005
38984499
41272553
54098516
29804386
89991301
10380581
47215199
29419691
27447248
82506491
43642236
33420607
24754064
98725654
13460153
27690330
11994519
58082464
41934639
89034501
53455870
12118101
33386929
45617024
17032877
27013243
66500369
80610004
25253751
18530615
73920651
70166480
58592048
78885632
89680504
24636981
70667140
77624084
39735904
92558242
15820356
98436473
79987997
50484137
71477426
96347724
14180968
18163847
74287863
63904155
67213476
24490391
75802771
69533928
19863756
20843514
53233116
91644298
29909029
18815720
26937148
46912022
93794475
94970119
88566318
83599154
53645651
61124122
90180577
81210133
49580505
70896652
77853916
91259008
67740376
23311507
25356396
97874085
97364555
83998961
38859907
67723010
70606674
40667888
65541117
55490631
70867592
63516659
65833185
22762205
51949529
67279295
51946203
99269266
44210729
60237832
30486849
73655158
19010480
22243983
21457410
22513132
67965485
22960658
60015814
27463800
84674816
18050510
88714010
85374852
85387867
54244334
99927658
26405605
65137801
57459130
99300492
66765623
16904975
48604965
90585678
51936181
57197152
23905032
87566910
78103759
38553319
30767532
98145654
74718365
40097636
24524825
56991504
84660688
59333209
25419645
47388792
87054398
40354559
67594492
85291541
93446356
92352411
96261621
84724345
13523729
91737913
98292612
45896226
13886030
34215035
46677730
51471222
55610493
57113566
10819505
34347841
29226889
86010330
98227303
63792364
19339597
29042093
94982908
14114726
22315507
81200181
38874646
60491958
66348963
70887307
55754284
31127115
59667685
51827259
53537934
86181117
90023800
21402740
17061037
30881581
31127198
92924837
16679008
20949687
46521025
69473616
98843907
66910299
75184410
91480362
69330166
65590800
46663833
38933176
78765957
25276327
56328316
67702031
24883373
48016697
89609131
75314742
80723898
99541016
51395350
16095815
39597483
63051354
90440034
17352710
11031743
37437207
50455821
38351344
28419343
44295247
48848936
54039837
26104026
11037490
76757928
67801537
33581357
27339011
61030579
81481992
40884937
77144075
84990607
99663907
57535513
19673809
63293990
15677713
68548403
12515446
71707170
20450542
52018286
87277086
67617561
86960402
64280720
95918360
66061934
48858073
25458308
64362516
12799319
53589647
33068427
92963368
71753160
58567046
21828592
68614462
24208709
42657384
68475513
89036966
63747464
80325062
20555833
63118906
51644346
55568701
39738898
54703713
32566390
20251466
78515906
94989976
25304396
81216573
78444607
36025314
56892354
57123808
96629889
29822594
41711468
23798190
29655410
44355473
36477373
33286644
90852623
30517835
97980930
20113745
33776150
94281857
76319264
72270726
85663295
87774890
70251043
85764804
96300902
95268296
93821894
53380275
94183695
52431444
30261159
69023966
19165226
72937522
69352161
94743076
50643870
46866075
89379016
17539294
57236885
78093604
19957701
51662236
71974027
70654852
15047559
17635653
59491122
48530827
20298660
96525668
22119391
92545028
89736043
78057490
61604364
72104107
87890494
84399083
15505975
70362235
86726461
97488142
35265073
53154591
91202508
73837847
77292380
30248230
18304547
70468188
23891786
56095437
21318464
77719420
96721710
33160465
15253567
43251599
68754920
68978194
80339290
80162053
91846696
31306555
58841557
60043345
47969333
61998170
64864099
55414869
90246882
17028380
94676162
96879854
54915875
18846539
54250344
22684373
84888554
61883769
48137561
43822301
98122539
90893133
30182766
54743095
20939011
88213973
99068509
28982195
56952151
51638598
98054173
98870276
62607710
27307598
89865081
21370793
51551377
85017250
60557040
96368203
54087376
27152188
99941500
80651318
22543044
96707983
99987086
66828640
78248169
58563745
12446861
58667035
51455302
34194479
38748452
55866538
75266178
35770506
40406092
28463709
30796389
20356922
49700543
23574883
78140959
82446804
80669879
15066382
98842638
55199748
92950779
27589104
90161060
60562485
30703455
31776452
34272734
93851247
32218290
68743530
15864298
65144509
58895439
41880763
69619341
91952730
48242379
70254091
41407343
81673763
42100652
51536077
72950208
36040410
59370777
86560394
69135982
71965637
47818761
61254050
77498993
80794454
66191704
31751079
36802975
91156554
28575536
43554863
17003454
96057593
74503785
59823245
84429198
23769360
79244185
26733967
48260510
21257528
31516757
46613428
70306604
78901038
29776801
68716573
22309586
39801436
70549373
56920514
13579612
65686520
17148018
63211150
77378254
60192261
41645597
61830338
20952896
60319927
40137082
13783268
52773159
23298711
97236246
55001909
29602406
28468304
15140967
48504300
73411827
28628439
72962895
70210270
92590645
10704803
20633503
12550658
44349528
38944689
30068183
83659258
91722503
80836292
66808292
24923247
48668339
41895531
50419829
26354208
16408822
42002808
66348030
95758649
93592219
71352751
18429833
24879094
77085942
90092958
81947921
12205915
94819556
79172559
87181563
42472386
29270557
49093864
67611469
10209961
92518345
57354167
42287985
86593187
65910756
35140847
99170406
99686286
21490910
80260907
58399417
19083764
80606503
83025444
78092370
78131950
84377016
12729224
62405812
73100462
15843091
95318289
61926331
60103798
44044361
12179995
57928328
19067690
56278607
42363373
98195059
94323222
23913528
88101741
54629892
27905932
15950635
57284777
83284724
55439043
96274567
33500064
72360629
74227366
94790150
34464938
28099607
18469210
71428713
14963880
49385195
37057085
15879578
36772387
15624520
52358553
51617680
79173614
63448727
82884346
73538641
43999198
14915156
96825515
35649468
48401154
57912262
16416148
98010774
54550177
46670512
26706752
59394697
68646621
63690013
69020451
61894582
55504725
35074182
76599269
76776459
59304469
79696025
45798645
21087928
66975380
20593403
67795113
90859912
34220459
83212334
49428661
53112268
23770458
20746667
54012664
98707076
49680122
51137177
69849800
90882505
67192331
32366682
69580374
57183837
70012727
15684813
57319709
92523968
68376726
46850196
95828117
17698469
20071854
95565484
64520614
58762794
78865239
31473054
14179623
29163535
91547054
68810561
14670638
26942307
19023909
41674763
96592295
59167775
58607028
61385847
86134287
14346684
91214453
30594121
70387584
59790013
59930790
69584522
20319387
87030477
28481124
81062902
59251188
63423225
52196099
97182566
47405107
43502308
25226815
13478029
34970946
76980546
79490594
61940566
85386435
25805613
45135070
44935501
69897763
38799154
92124765
48329479
75927774
36867482
26460116
28217159
19939096
70672142
33173544
69741812
21783073
52894344
99635939
56630633
18715975
83819367
82769008
48971765
50259503
31139996
95590648
33366099
58518659
78284040
40097200
26288992
36975128
28639738
41774192
76306502
13527782
58438711
84359498
86809773
59514418
72734149
84040798
27417599
92134318
21571646
18824561
51512297
63440127
74245343
80557676
65135987
64953237
87161840
19898653
26821075
52550733
96213226
19954260
70394554
72523073
79438885
56239991
27224779
83994695
95871687
88891300
34422678
27318510
68065043
77493234
17437386
26664623
79538491
30537388
50818905
32099899
31738837
53306792
40262109
56442431
79645282
48124318
20584397
43635675
36347197
95235919
83932683
46836194
26800072
93889081
50644430
92467167
81602209
22539748
77454225
96031876
32633927
89431184
87933054
30695604
32978158
98413629
93816177
91220369
55314533
85647532
15529005
13808225
20901547
16101779
96094462
87412924
45521514
97393186
38294221
86790955
65913331
92961108
95763946
14064904
76845536
94176528
83226170
48879071
96155337
50546385
74819756
42866956
64504816
49920898
70873663
19794273
18041391
31217198
69002851
65783806
74995086
72336371
37383505
55659873
91424562
29282885
51954112
52857920
56354851
63514837
27551135
59733063
79119463
85383550
24251766
52831009
42445506
72608888
26444612
45899440
70343755
43275109
28908276
22993840
16792127
48951595
61559717
92594562
66121095
43322272
31434525
53947691
87535841
51971886
35479101
31386576
76876068
79085198
72654864
76942394
51411602
76755908
13110670
22086184
62780072
77839607
71368457
42310051
38876195
88295121
57364777
16530784
16783418
47763008
76423575
90197611
97813295
73161098
48352498
82033413
11097552
24428014
67838146
27976443
45496951
59093843
64123845
59115280
16072331
63765155
16866268
86541906
85405783
36126192
58657117
84252324
48735464
19869264
61854861
77680031
70445541
83800569
47543473
93650068
92012822
25946545
27268907
22976369
62868861
60089832
55511258
84870921
59070856
29363237
36717096
90861208
78333267
63873262
77119320
15402922
16080513
15222944
28392710
54699966
73584863
79703656
71335966
29990477
91370909
79190008
28761086
54018830
92284610
52752377
31810655
62741471
92745294
50162553
89688374
55147280
78090664
78412668
81449442
75746104
85554415
50237208
73739005
12232974
59440148
54458225
24710878
65907088
88343175
51295819
94457912
13576520
90115852
73698420
45638891
97991930
87641510
87528776
40540334
16892773
88319168
74484744
32885741
80361272
94426338
93179531
61028283
29834119
42507072
14237322
86849080
24749927
35606639
12541730
69195194
52103092
66207740
30324759
65426567
37365878
65079923
77353073
92071195
73297813
18359252
28533117
79616482
37828932
85280948
53627409
98882576
74205866
80528349
60576565
52111160
33244151
71694994
81555103
55946354
83319550
57551594
96343485
45482091
91883092
74985553
35805259
43087238
47447604
84905122
50063879
40181142
49945150
48789478
37820354
75632882
52552488
74398125
56815569
85227370
46702849
48626436
26357665
86970753
82905845
60961690
62953249
56323191
29659692
48983895
15646068
48605090
20607151
56488123
69374716
98043078
44419327
74300930
38720823
37121108
82286705
46390817
85432781
46456416
28424464
24660143
92634772
88763056
42115895
42542167
16813620
99903592
81275182
40289135
95623471
41250794
17045237
23448342
65472370
54331259
73404979
23494908
28450513
10695441
83867070
31198492
64614193
97629787
73847325
74082055
97313825
36770527
48553376
53106399
48307798
96690951
17940667
22007214
97550053
87058874
41168067
81826922
15006085
33496796
66087572
33593960
14877451
63283709
76489301
35006323
48851599
15028625
11243818
50049524
86230551
90904160
24401654
54968591
48193218
70981700
96075494
82920556
80372842
76291802
28012011
77674279
72816684
46619573
35878707
25119192
54383668
31809610
71594457
97011385
44529507
34991216
11890348
55246430
49597485
86206305
35925669
33554528
92000924
95728324
64423996
67405358
79159799
54013571
21641746
63798927
99826000
22802372
34800912
28872606
74082804
53433080
43292316
10916723
45002007
61482483
41611127
69959826
45835371
54241559
50526484
88176558
86890296
11534878
45105069
97735896
58258264
41715995
18338186
99628735
25867870
72464258
51178850
31436829
64414096
77447155
51738753
25759274
95726382
49599276
59330907
92493631
39641883
39410942
27927298
74180488
30560218
71066203
91300905
60147077
65813853
83717007
73193474
82144402
99133246
39314711
43214247
89968863
20988446
80532309
69961498
80890196
58557943
20482769
85721444
25060409
18289024
83504237
77845324
37133023
86866717
82029307
30112846
32083803
54039203
79839059
69302835
25601471
37568520
88268756
75609379
22205980
78501420
69791674
17467311
70858653
27709269
78886959
65757342
71310453
85686878
17749299
85000490
72059365
51361818
12921981
63143336
44152669
10404729
39246218
87619624
19801857
16078694
66867700
56241881
18557710
82633735
18087373
19263592
73360324
14259382
48532662
64877191
34156684
28176954
96104027
96688655
66420024
60259293
61335545
70201634
60666702
60418290
20770971
98824290
82383656
27849589
97715861
56676884
25922674
33954324
82109613
62755436
80980044
27092236
39888974
10466177
13051483
50045602
72143331
83074216
66925500
81394920
60905625
40824989
43220503
71824078
56460773
30820038
46997080
35297417
25145751
14324134
98610233
66269520
92533595
12099943
42301683
37659807
19031632
23542127
89717834
14506531
69920305
90233330
16533225
42847661
15937353
63991141
68916591
41452485
82445335
39161379
17575790
28808678
77631755
48824283
41428626
87324220
52802529
87507357
90251151
53038943
41796721
50502136
29228089
98612211
79961132
39667854
65507111
50332555
46930534
18181595
84721440
89412216
33505978
94019376
67337891
84605013
76521096
16292676
56226575
96344420
61157708
80392240
52779814
65878146
64795619
30027648
50250352
60527631
34679818
82199509
73554620
42342202
40245233
50364158
29374563
72146184
17734153
85482164
65388634
65902739
84797762
81134297
27997624
62132722
42595918
44224936
37291394
54327148
96799390
20612653
70369365
59805178
22410307
81891784
35566010
16917129
46032304
60622628
91197624
90922827
15307982
19768947
35254849
88864147
85007641
39127464
74343201
38036618
54689713
50693207
12058055
38428357
35504548
25745913
74279671
42560305
91121400
37449289
63235053
42122457
84098828
53166435
47991562
61091554
72579077
81625307
97069904
58219001
51395738
45106207
58270683
78829070
76743428
72546007
23234972
73013937
52980983
37263310
59755172
51999682
65556767
16135823
85500790
39698906
29585415
12176998
45000508
84264220
88387434
87731247
66046380
49620038
30456313
36332415
54273769
40872577
60981231
86475853
42981324
77015110
83905989
97859993
55307111
44537812
75581613
96126771
75846624
71851421
32579937
57268285
32718459
28784915
83356206
75540707
34702473
82764376
96142207
17882882
80322629
14539747
19976458
99686372
16511491
10856822
65350347
28453800
94651342
41062464
19122502
30270856
11226946
39356057
77878323
71204580
60090149
18113477
92924441
95594482
99490304
92747827
74854563
98487646
75478707
12111482
10887495
81432350
84040345
65208920
11590610
12244945
81057233
46875077
81905550
48478684
12300840
77406294
67790557
34060788
24363501
22927031
80381817
29984682
42342289
35760684
93185576
80659726
43878996
57572279
45879718
63270536
20605783
60070135
64496076
71605634
85833309
42642810
40314047
50261914
20820219
97742922
97227356
14252622
22549425
64395532
60903955
60622842
84182331
73888323
17531619
95462880
11268380
33002714
21097943
77089857
68238367
96557984
54462389
85947990
22799248
80888325
15711200
40838737
38375916
86072480
73820568
46385762
16249441
19978827
47631028
82884346
85633013
98329927
14416002
34072553
52209421
12101593
37804291
88790652
29353063
63458386
20326375
50168264
31803703
85693188
42275631
86060638
62231715
82553061
54524025
61518966
28783850
20526386
77215278
56420476
17207013
23111164
68664992
41157840
20202996
55713584
91224373
92391596
89941241
63244581
53805532
13976288
95110541
46685332
70471823
75847681
40620216
57756170
84227466
60388958
67961650
34929311
88634827
98673882
61012496
21501669
93029219
49645162
43077929
19865900
21010955
45966597
30699187
61002735
95080736
30706693
62294176
52503832
58412365
24301022
22283664
10697290
51374957
69691437
58307308
46207439
23721268
27784789
21716836
35151299
67845091
70242778
84757265
84455942
78778646
64766762
23863742
13524813
22028437
57501571
84386123
22490873
90117857
90268079
53544301
61705758
11656329
49171088
65540647
62049575
21368176
85099723
42580349
86767229
79941466
32761034
61100987
32750139
28634797
46093692
50417154
46024950
76185975
29587040
18491573
32442197
68341261
47038975
66519399
50232066
74992426
20324210
58469365
43782566
43096758
93890601
76545476
89699345
92767884
36246038
71453148
24357588
28185096
50890504
10908300
63108878
54589439
93240786
60987966
54230340
69085720
54927535
67796330
97380687
89778067
28270317
50323741
53038948
90961645
36957830
74291599
52168966
33842070
63450811
52833932
49117508
94946730
75901885
87293208
42537638
53739710
60473288
47621248
62738860
58991556
25285764
85678734
36816708
89487366
83233096
34149421
83833059
13612618
71957885
38138531
68848427
49101812
19282319
64914054
77015343
28680305
95004924
50645509
42483531
43914361
98404247
30688754
66791272
60598851
19927432
70272714
90253323
74321792
88147469
63795149
81721578
77996397
66143368
82966824
14934536
58255231
82062301
89701163
95655118
21406082
24679315
43316996
98261798
99213703
57648477
32325574
96838849
92232236
15945401
85594147
96574622
96804457
63635785
54506155
67774765
24219637
11415698
23234748
44727276
39796480
78541804
79631857
84892608
87915846
87206788
39666377
69831384
60213478
62497139
72151291
88999206
77171380
30232642
56300738
13296743
74796438
24032377
49652241
65831276
21523236
25578562
29015320
56751880
51861213
56045630
71113711
37765262
79942848
74817230
56748074
73909453
23102741
68809636
70726434
52803305
19015987
50300763
15997257
25446483
13031322
56047142
96969050
24678410
32059232
42737441
79255529
33414716
84076145
31493051
54424679
85141654
67226329
72015859
41119124
64364546
94524999
34756698
35016429
95963619
98222374
68000104
63094168
13918120
92424037
36484437
70340936
89484162
67653606
62188655
10597274
38829445
37619925
47358810
18397164
87490324
23656928
82060023
35093324
59095909
53752954
36450861
71411378
25294777
45212476
75697427
80828710
95779702
52064387
90124068
62162278
92048427
62686364
88786439
25331969
56697654
57242616
71453007
92861016
33156250
49922369
92474715
89211057
21375216
27978165
52035079
25819123
42020689
50987410
25696616
34567819
60104292
28972822
78561753
62138657
66135102
90050918
28504235
87149161
61500679
66779304
34931439
75319770
95295586
82125824
96605343
33251181
84479105
32396311
75718640
48766747
28830282
35111946
52222214
70532325
93135800
17195581
58189421
11286267
75043108
28325379
36189702
61532114
85374270
77838742
97653539
76433728
64913082
75998330
65784972
69572772
75592138
32448383
21095863
85886408
14142053
39598969
49203644
14388260
46890134
40177972
82156607
48744673
32576626
71380637
85920319
76479831
83782999
78559218
25194922
86868379
25328557
45955440
82894477
59239353
82751830
15584869
69239219
83330295
39332201
67063296
23746101
97734330
43223132
49957816
14325890
70362053
45274462
56785209
21674661
68930964
25755285
41802361
38169370
88909809
57060874
91907952
94929036
67467610
32277675
92698414
28687800
37732020
37775381
17966873
86514083
57085656
81441519
47726592
90108882
82312290
32599227
53440052
49276764
48833650
86871268
45882178
79043610
22780905
28198434
65243509
17957216
47221734
98032908
27030641
27809465
43511112
29628462
53231088
43226234
62707402
75694038
29081953
87500742
94879557
46066605
94263610
65596350
60354777
70665302
20135622
95044078
22494970
64069715
79204468
47342819
59535894
71028216
75504221
53928023
88108751
10331931
22501261
71532017
95206855
99139874
58079840
18500100
81729237
63380520
39236638
67665720
38434222
76399516
46042404
53334226
48063218
55332729
83458776
87568940
27528063
85986307
75140950
56135950
16497381
16166355
23364695
94044392
71684020
12185246
26674831
31204188
69228397
71272827
10090721
67418250
37154689
27705074
97241147
50515702
31337593
46778269
22527880
97857309
58376818
43606680
21062296
59908025
99188862
97095388
32216400
16950770
63196064
93967184
51004756
41426254
67610401
97977738
22240547
22775337
10145801
38644905
73995913
20460758
27810664
89682313
40358823
79718627
69735865
11246473
11082139
56113741
26185823
66682016
27740248
74115841
19506414
40728728
61414775
21989814
23747542
23851475
52057323
59333294
50165370
28405182
61367949
27870584
96110892
29173414
19182050
81203615
85603667
11137460
91915661
97244236
32027350
69069144
57135617
38595818
94299475
30317091
65258766
92688322
69375757
39158087
21635070
23484199
28792245
26529882
89131271
61543890
57182314
67631581
52211967
28767690
43257324
47173969
96519508
21307671
43308414
84275638
90664728
90531692
91549765
48241423
13600310
98369672
50486688
37574457
79491111
91460345
78386961
35319707
62579931
49666982
96727439
17324144
42123815
76422705
61792685
25132198
42357445
77052833
95641960
89715904
19531069
80905413
11619606
58465780
52476240
27714442
61920550
86286724
66487347
59044830
83330690
33188838
73218512
19796799
12240013
88834594
19064068
11851322
45189912
38956527
15345470
18115992
63415303
77996124
48451741
94365330
77249653
65758338
66851305
63992760
21063273
95971459
82016510
82162880
92684436
30492422
47241089
21220209
51594998
20606094
78626154
37272705
30854365
81993070
53855682
62443094
88710263
95133532
97219985
96322745
18873816
51630244
68718382
42029368
17772004
42813517
21571285
68315400
25567455
70850538
92181084
91716102
17385816
51512209
99399687
98322292
33574794
26031369
11699863
28416255
11523452
31989243
76627415
56533974
80196591
79420474
44795538
32409388
59911470
27036337
46072958
25845304
13940129
54964418
67622968
46504617
80310522
18572753
45292504
87396877
94226031
20344164
76591799
71095611
78555983
58335011
17440911
77056519
86086168
32398441
59350218
31113788
44241100
23811663
87029205
25479814
40655922
78293320
10344739
15910667
11649277
42823140
16171536
73319171
58852098
61402634
30144023
34019729
14746418
84204255
98007006
66286795
40133935
53191535
43321320
65869014
52940967
46407626
20453825
86710258
60037465
26025721
77382794
17069536
34071191
39955391
79226031
16164431
63811222
19251149
72423883
47890586
51701149
53929586
21594468
84234670
71303434
11069604
59515518
36933626
49137230
85672859
50790016
93579731
42559072
72267186
59428849
89415412
76217748
36229153
83357939
42900372
30208677
10856024
65034115
13209180
41272427
82684966
56496201
95354668
11287794
54965270
10196231
98221829
60502752
51273379
23951801
37540722
81110496
41966313
66346728
76038997
18038980
29109045
47557512
22485824
15892193
41067722
79760901
65439545
59995026
71533194
21395409
87949714
22828128
77837366
27919925
95525640
62928934
20043577
89442904
86211608
18359464
68382413
98911718
27543369
41778964
49148093
45029610
52279780
62741214
53788744
52688984
70768130
46501299
41354768
20024377
37207628
28268622
88478184
24626086
30858851
24181143
32062036
70339827
72552858
52148834
64561191
26205010
81930575
58088526
37868462
70655283
51380361
72189327
45568761
26094525
22136086
31154777
50831043
90973889
15412975
38859601
53995720
29907683
22242388
43315361
57746984
63183031
78915391
16570040
50109721
44918995
33336132
14171767
64276605
70693413
84618850
83835976
43534652
22713811
72014395
23677772
28762704
26301180
11604831
18277097
39835008
27544302
36592965
63765180
59961172
94597104
96528158
21279580
88158177
88667527
44738319
20064609
12925970
18653290
36541600
96702893
69516344
27286109
22345163
54499873
26445384
15730602
71873691
16796477
32547129
87025433
68137264
63015826
76588957
13957046
61369075
67265875
33193791
57505459
38818707
35118997
46907428
47561442
69862640
29948970
14650569
92423989
93104469
92809273
42988674
96876236
49608344
76960098
65296657
83912181
74294443
18184472
21773787
47550897
61407440
28419506
66268745
36770773
96255361
80573568
43440045
94658420
82968364
12621269
61338023
58199211
74382155
83083942
75052579
56175477
85920407
77430081
53165014
62127652
46297263
34134478
13498112
52799022
90143600
39396392
13933043
47706144
17863981
73308406
81059199
57973830
88381665
41240803
31424479
23439803
43266810
98162850
42366980
45772648
81630600
17503932
39448924
87268086
62133188
57621071
33315234
33635791
41749355
89526622
52681823
58155056
89398174
13785821
57201978
86188876
85645982
29072646
85579195
35264294
76065552
82762732
51480401
33562830
75825262
15095407
22114140
17538738
41222178
90753812
39368039
12674689
80658723
74154596
10091737
54524582
92427773
37040091
27514010
55735904
33818260
53431355
17993466
12941099
29825571
88733350
29012298
24887509
80638102
58974686
19735027
60142505
98870866
63095937
88653825
23560308
55172462
50502233
53299069
28314232
31139813
68635481
95800828
75390879
97131500
52585056
33381086
85427317
92370625
57892314
39962391
99326148
89047551
33535297
60785855
51181116
49529438
27092408
33851602
10241310
86884584
62559853
86166246
14346338
34438599
90851238
52710350
92058189
39648058
95851936
85906869
23973438
76596831
28876833
54448673
20443030
41943272
56548066
52885071
32533467
95387542
21908603
99929175
95778910
55063530
69945655
11529494
45596211
38143348
43492807
19099261
57040785
44448045
24500158
10171954
16462242
61799600
68816911
66324902
32325567
65568711
76180344
60829941
57141449
83286096
60378298
23613510
74355957
87585294
97371655
40277201
31831387
70570772
19893106
14484588
49581964
12694823
52777459
45047967
24055958
19959009
55876720
32831133
60393104
31596235
20066654
83423305
22496299
55358959
89729429
92362000
74791834
14159837
67891237
97729428
32145548
91512791
68277389
31086112
17188130
23590593
54438762
37588517
35499255
64932613
84371711
82494408
45603234
98663948
47785387
49916439
41883191
22873617
16661956
62734442
86741644
83774469
75893962
30614492
17315517
58429638
10512117
67392300
21761279
49533757
98854850
93898287
90559564
74468586
36799898
23017361
13454186
37776759
32928708
95656500
49166271
20997276
73561576
25503345
51386492
63347164
73209094
75645462
98723294
45568288
22232184
96149847
83031359
62013009
34814337
59797531
61196706
59580252
35042738
69830944
15988382
45338986
69020960
72419022
45353058
40365724
46045780
85731895
18273096
30284415
99586100
22979206
21503440
99676390
56142898
82672055
65564347
89151743
40536245
84303190
18185099
61956500
80139805
66187845
81875527
73729850
86868410
41627336
73922841
50111251
20597167
62989744
14661179
77390918
86667841
79366056
86703472
93251648
29790089
26143959
70269093
33203422
32436477
38439415
35867257
26936398
15727862
66824417
20518444
68437492
37101146
94184877
29847882
89865944
44612921
52916049
18994192
21680625
62089786
84673939
63332084
84095459
53771998
47071046
79751366
71492815
11659440
93625419
88863127
80137085
66316931
25102023
65625517
30084652
29891032
86046949
88911183
88205594
23449152
24178065
85522135
23554707
48398732
81891508
56153339
65148727
45451818
61411224
97884113
75174087
86775659
91733516
73491242
15028557
33112256
46965460
64086249
29307578
92979370
91692326
63917932
15205303
63122402
54492381
41887353
16615722
73782705
46048781
59988144
12715612
55347617
50675347
51734908
47627490
75984013
23182514
40595926
28036919
50329802
69473299
53066216
46160937
65938288
91198924
96644900
21983878
35224301
69286198
38372352
64649480
75023164
79323646
60185378
17543817
79158328
31336920
18806960
51758234
78020910
64141437
28206610
80368504
86325904
13885356
33318633
35872271
36941091
17734634
43486016
14438720
71263503
16785951
58368724
36724061
46772637
59439358
72306347
77796914
63276690
95283260
26625933
14102122
42472381
59991642
75603845
89731181
69874989
33834879
73697356
88769733
83998759
56943979
56204319
31946425
44716747
22132198
48261364
13684342
61883966
16664050
31865061
86807176
38765353
39709238
96889858
40214026
37746963
46115786
97454571
64963125
78891441
12691381
11194267
73632249
27758896
96888739
33246598
90683906
11135982
40033905
43875271
91650533
50998106
96267144
46960684
66882385
60529679
56802956
71605671
43822694
39287523
72639147
50553227
79878835
93698993
63304911
88448538
23732098
10986174
78654208
98899843
60228268
85357498
96884788
89694801
91745321
47940248
50060760
24509544
74657836
18568064
55135227
47108953
95979171
53639158
47162866
45050544
98062882
97438349
50103064
35281262
30123169
79429969
42252798
17620167
90535106
64237172
98654879
52894071
28781020
13416548
97966375
76756250
49675382
44819604
66178935
64304344
62113377
14740436
88252116
86778235
35489981
56059101
39845082
81757508
95672999
73852097
58116670
78090647
50291467
32815223
98263548
84926784
34311643
49431028
23100061
73187139
27172371
44715663
85031958
34571018
55047826
97836731
21985619
39830361
57685330
39974566
51216287
66434872
54468633
59886371
44971668
88593968
49466873
72244897
25808361
73154349
17204398
95147289
88326059
87888306
93302863
19558414
73380252
36111227
77172936
26081422
61226775
81113720
50044631
65446317
17256074
30237141
28436852
36883353
55992373
64920799
86424055
71414198
29223220
52464268
34207075
20846331
75441993
54644768
94695784
33732951
52065724
95161010
17786452
10632635
70673557
46712288
38102825
32629881
87346846
31264801
75709924
21816709
27368573
92474074
68211760
95025258
67634397
64142556
67582820
74075580
61447859
10626681
15063406
81643088
36764927
60076822
11889398
53246714
81274148
35578773
12404661
10553491
94112495
43396474
40368869
56217844
51888314
27304799
23785264
61479273
77556678
89010042
51086072
32417070
18762675
16136213
50024028
49034245
71193393
79831928
90043415
80345879
55343466
68205561
27956913
56000822
75790669
58217837
35290114
32130289
64142310
12566878
40657783
40107903
27610141
38345472
12941149
89147232
77730769
32680748
26530521
59203071
97314051
15014834
60357475
95942441
44331441
81770706
93635734
16521231
89715138
16437132
98848098
24510741
97720360
12649695
16473999
25541047
65938669
69634854
61036796
26588648
83454998
43921959
73672398
30552371
37581060
94598956
11248835
50415166
66488410
98807116
23553285
98916958
79834723
46235719
93590502
91286864
28409776
66213840
24081350
78663747
92906016
25802066
47944260
25302505
24262473
76805406
36661903
91738839
36809908
45298445
80215481
37068117
58039455
64996550
49641367
31524980
15288944
83569939
76619601
37876214
74513622
54372866
41474764
10367488
11711195
21945758
24821786
87061479
99794603
76317520
30017834
22090691
78679929
20072800
23594977
44345256
96481420
41025808
71304112
49731424
45450260
72314252
16721650
23396125
33448079
15294153
48999266
58347193
51970837
67176108
25555976
22750478
16159129
11298197
28574987
99034004
96865529
32885770
54112109
57986515
68749047
93457527
46011877
22475714
60012498
55999465
34544318
25278272
63791447
63720675
71275585
46484819
61769856
74188958
66604960
97086700
32384662
25174194
27785402
17871385
31393688
23920137
65838294
89289163
74783521
86362294
68809216
34328380
92050405
60969286
58130331
92055138
13867648
27536261
74837853
75514730
25158211
65201639
69148126
16170301
18500820
45113084
97909064
52176303
11658959
80439867
87396519
85834657
40062746
99904987
55405943
79672379
80209719
92978636
22783183
68095862
98813650
43363439
74683506
56405710
99081734
96087848
61657265
29952062
84939694
92263926
17323740
11562947
96355513
31062435
77856130
72986894
76549837
32200132
20048242
75987872
53034742
42331952
54411953
47333618
16757958
78038903
39891163
83886264
96344588
60819877
64126921
41541166
20580463
71618633
69618021
86911446
70142774
21813825
76901651
70004467
52421060
25932563
76756320
97694240
12384932
23776553
64148754
65343143
14809280
84776858
83698792
10022778
22199793
91094790
93089652
95568918
50882445
78227936
85475000
37763104
97858385
71231190
55748676
58767001
17284695
39919562
70996586
54556611
85182173
93182506
90524080
73502927
98203489
58760568
70737878
25303956
23077775
98437437
39762393
10294869
55816176
57665946
95048563
49189370
83509785
80059652
60182714
24270328
16144233
32032560
76091781
28850770
64923338
24356130
44130133
91987136
36296134
35171649
26206227
62733674
38935933
71343676
35579048
55356673
24464073
65629268
16241172
94992096
89028889
26538199
70465703
71389561
98376561
89096676
77672253
28070539
76951647
10582186
81184297
16519170
84252780
68090825
88533572
74818030
78227286
33783708
87652255
33306944
27231111
23898777
61996696
98251083
90603922
91357521
53197138
77660514
61628545
66192230
91737749
43318046
46721417
63401206
56017729
49483304
70779921
27900864
28546206
65397759
90869462
78759020
50119441
83525272
52132393
84300459
94903891
39171224
36962876
38147161
93774355
49000919
56344519
27806897
97253117
33865616
77631432
82811973
95480242
53269298
25489430
57276557
85467972
74474159
88222933
86589761
99544328
66032939
81659221
48376603
66691738
11714029
80159631
24290224
13391969
61119548
29505421
17122263
99959993
17597364
36830448
45833216
31600382
48468887
43629729
29653285
18325904
49613096
37380537
82634888
14336089
58141541
70746206
23754633
92692727
85414925
40106027
96854901
85332458
62195484
41889524
78574830
48606206
99186817
16305532
61215153
62016704
65910573
51963706
84104909
17221208
11740164
43734435
37257905
93290380
69467023
40272606
95065651
96923747
59357377
88971743
83365441
90985229
36369633
35970823
49483865
70238919
33813700
19995059
35095571
33326387
78967357
26019397
60626689
15453834
67513345
47461811
84705402
45465638
27457234
31599504
88381281
44227688
10757677
54367386
72589932
30777669
15360735
30629718
53302669
90111922
16825701
93935292
92625597
98837400
50420315
75840632
86863404
83841249
58061434
19781894
52662313
80517332
39522801
34678492
79874593
19150490
77798790
31390345
65825346
82890984
82079745
64145722
22340723
56896070
39688703
38635863
99031246
54544651
54434998
58425464
49402883
39319229
92984217
81202356
73734252
85341065
97147586
11181612
25397719
99783401
56440312
69816445
42258945
96203262
92369566
93366885
42725927
15352233
53075436
61186964
25216804
61791391
44439001
82509424
47960665
13315946
79372824
60326016
79029393
78281335
69801634
75337822
15885670
49786693
97446634
35838575
52991650
78973779
21052218
22879054
32467350
82205759
81565674
10983894
94145533
18787479
38290610
99970857
94492003
38611881
66936428
23948820
37592422
82176148
68416623
96779969
19679848
30636590
13188066
71636167
54522084
15085015
21746856
19831184
17283737
33889703
43810519
84904794
19454577
87170132
40554079
44715141
64711545
62080854
70549061
94586329
64284094
68119636
52467059
12267067
62278055
25878730
81784254
10791740
96090303
92993446
18487605
88598977
16109168
19742790
58009699
77489633
24245271
48901209
50446607
91411889
21610534
47784631
68743898
61192463
63031203
98680762
14136476
73617549
30981381
81600831
39509878
28304809
62478133
83245898
49591339
95100169
29337491
50004466
96965116
60080729
11496555
84292758
84500200
28974879
26540343
15606696
10675093
86868988
90081663
62892750
82095327
83487621
21425533
50894954
38192821
56150987
38418851
65385548
96695458
78793658
29120002
31602928
34695085
39633659
92796892
43922427
36082023
25384377
34341456
86140729
17299874
83665549
71909967
96526748
83774735
19817298
49010740
19041276
43646722
23180503
36496940
87926229
75389589
54406060
57934299
27208745
97976094
41478466
23427820
48270459
93150000
19369589
35970938
52652506
75211190
70484679
54069864
92724080
98506156
51027069
88405961
30454105
85907105
86082915
58921480
52457517
67486445
32634412
10648524
52038976
43041067
39732676
96011893
68535581
47135338
58249394
28026223
54501625
74418331
72122457
69774935
58149482
50999730
75360192
84044139
24607269
33591471
96644469
91420187
21002322
47663633
28790705
82292089
36364647
45330756
94103363
20262606
20120010
12500515
78072320
94775473
14186818
88100019
87698748
64376227
89193333
38556255
14919926
84033693
44979330
82943217
82434236
73364719
97766064
29949181
59099345
62680236
39971710
89134873
49057246
27969238
72371131
77259613
78506338
22153955
63255602
58837208
77399750
11421591
98943201
42062038
92414513
32259144
79006257
28840235
69890694
31370471
34044459
86015183
85942072
98504955
29622504
74894729
58156722
15425057
39369404
75450221
41104946
18437082
45481411
59584751
41409454
15745651
99736040
37752746
79509378
58486337
62088975
73038607
71021210
16232730
15355917
97043518
53496088
23854626
79977486
95035920
46707919
45341684
87662596
83061428
86525600
33333727
60554391
97734815
60803895
59029303
88876916
97689346
20447168
79345320
43767356
60509993
39917031
79306247
64471218
57365168
56309454
75345452
74707720
91095825
10885526
77355419
28652010
69042204
32227237
40868838
20346606
79060560
96366021
47689614
38389345
30164926
35086055
31120146
58616740
90801793
25882013
98732634
40916561
65648506
54322017
25212062
74628070
74265413
74293132
38280205
89294612
31642106
96873663
65149958
13012656
42704875
15790734
27164449
86972056
89503557
31626387
28082355
94495485
78805754
15260108
86808685
29711900
17504382
32325960
44663022
34164229
79342339
64419425
90444404
85645742
95580271
12499138
98817918
48044635
21508969
39070676
70291054
91406527
73272042
74648438
32893086
39442512
65132193
90643207
29154498
88201440
34412077
93646063
98536556
78559074
45503367
32511225
55992559
70863732
90065352
89268452
19239937
40845084
60762668
61735818
27745355
24572034
12222998
37158762
80157128
77693989
66343932
30073763
91270313
22924976
33813202
73870080
92510102
90505645
15239398
81327320
77555702
25772785
22507745
74725282
98502178
27492440
90996996
82381739
10161088
97138408
67914523
80067590
66463253
59711219
15830187
81110769
67573535
40801123
74709513
61168696
57045704
89060695
87325627
23115341
67108220
27969486
44160831
74040812
41207351
21249805
48019408
90301439
82978342
64847632
44601998
35369971
10734097
10954835
87576121
80134216
25814687
79761254
10965569
60335658
97851693
37570830
52399610
64874257
58623028
24305357
30774029
67186360
97453041
88567056
44042008
45071480
81954780
66849468
85788756
59075919
92125234
46985109
63345392
37339300
65462544
84102271
84834795
74755726
33987338
59689143
85040303
84478941
74929189
44061458
51158280
87531025
56218720
63436070
28531242
98487446
25983420
40839382
69940949
31715773
23459168
38784084
78228715
63762374
55424358
83897088
92413089
16986408
31573890
62224611
95345915
10710096
22225702
29505652
73306295
90563579
68435370
21830043
18600733
45311610
39765498
59772648
20742751
91742470
15067435
61583363
63773642
92405066
98070348
79928180
48449249
90191410
17712557
33524492
95938445
76353000
68917831
11437525
37072687
98165507
79545356
48387144
36138432
14510970
90465529
78524572
79231333
41094351
92569402
32747608
14840043
58283485
42112480
97915178
10038556
31131878
21655844
47035619
63611082
57395992
99880518
63035211
64418707
88662348
36885204
79490249
12062459
19209640
22101856
83765077
48184109
85042992
88239864
56720553
56637316
47112255
40372869
91384718
36108729
71036720
64218119
87162674
10624307
45045256
33492771
64644684
77946127
24289484
84978145
19715480
77534222
49493811
55629449
25704681
78892172
44587020
82196170
87160950
43573422
69427400
60610858
85587210
74911705
42651583
55588495
71585593
71836850
88762521
13670948
74688940
25605267
44603983
19066979
61361533
95048646
39579214
40860700
52376656
65354876
57391778
79324022
81893982
11305024
45346197
43320572
48559355
22483514
63543563
55901507
20204415
84430642
33955951
73962190
52127291
57451057
39335449
87002404
46114740
34532913
35523849
76974557
36798789
41522559
42488275
45622106
37753358
40763714
37214866
43513553
93026670
57785185
30937370
24319594
26089818
20534423
99043272
76124358
92386462
10889014
82675403
15672460
74732147
59821155
93304578
52334540
76080806
87110685
46874043
75874779
34544645
78603195
47616749
63402482
39808788
87398691
27212880
17267644
80563016
66797703
74199033
82580645
14370484
77441081
56612335
62843790
33461307
71363812
26155543
79552316
71749629
52365995
11129926
11586450
38286706
60925964
87981603
23522144
53679307
58533442
92245683
44856447
35119175
83626933
45279000
41828278
46159360
73262903
92286747
56049627
59113508
34684475
76943778
66900650
38257191
66249702
59970552
58999937
63766628
47531240
70495821
34144323
86693314
27601200
87295013
40677709
23404289
46231955
41649234
84536479
68011418
61121302
36315159
29574814
30072000
73483243
11307588
33703827
66575546
77054885
28048483
94644676
79391501
81669929
52376193
75313057
50269906
43685164
85448945
86213459
16403434
63472598
23284172
31923376
18057946
38919534
44130183
73960038
94538675
22925420
70378491
54916840
44865621
58447502
58359530
85208908
84825240
44589898
56189726
12662253
65265613
26272220
57122567
91279039
36703705
87424000
87295245
97223468
97124881
82267959
33426205
48199537
57661928
53632879
78510704
75430302
69985944
20523679
61146483
92364557
48456543
72243750
94786974
29441214
32491607
95977279
55283492
66615250
94728082
92182875
86723896
64327674
19575640
20618223
31743203
56120632
40630893
52074850
52530677
97645934
49105187
45899536
91253395
96522692
63077115
46406303
69713250
58743159
88775038
79918804
70436720
65564671
32457056
34680787
13100576
26782572
41491128
98855162
43775489
20746107
38262427
32402343
63290556
23825676
22825003
18562070
73509922
83609531
17224328
13538638
63286118
80327779
21173787
23949034
45225746
92960269
30840572
21316066
97890153
62324272
51523026
40783635
43204998
48141360
69479985
94084814
26966692
27619715
80698159
32898616
13834774
14718421
99060057
57894420
53647781
73908407
72705646
82555977
46562845
83624500
69706076
28134815
82381952
33761455
89299984
90206393
71276220
94697764
95342494
85696716
68381674
80257585
95870691
95836028
81643293
51562039
56596140
74646194
82433029
40484663
22019737
69305486
51321368
59094606
65325058
44870711
30900054
50744867
11416778
10012394
80238316
28293937
56155452
48488577
72974683
81819757
11116303
76025948
74030858
50213043
11225756
67772049
49315407
90128487
41033204
10968781
83579795
60149632
35309568
65262252
85236332
68667423
62982727
43540489
31913660
96703417
62307771
60782359
39607414
45296615
20631350
66672010
93929434
42153442
79338228
92304487
46489118
48208680
97034430
81396350
46080681
65419020
35233016
19189076
34482277
28337367
48868823
24811778
95482292
71115104
92910238
70769389
46525224
93584597
76034587
35204672
53036072
12603206
30421134
16661503
81802559
12970357
34956121
23726915
47864772
46130759
26782477
68843284
11101134
41247296
22106034
30224423
11976335
76247126
39150491
55890766
66404064
51819114
76893545
59848072
72234675
14259684
54325223
20767361
29607576
17521339
45769504
62669959
19581091
82905989
73102032
34374441
35795612
43565097
61214452
11693222
26369402
43415162
61646699
69453211
43173547
14497675
36733470
71852177
22611138
79946108
99390064
37977300
73461570
62227199
51890609
53360807
31288466
94444996
15662097
83763371
79917538
26393556
43999060
74589542
95700705
50106013
36672234
58375646
16991067
99482259
39231043
25157001
41670798
94947603
68272190
53555463
12022353
32462726
47057520
88476684
26059096
63124490
42626898
11198544
15636254
87990837
73789750
90022258
30802666
59848284
22009789
43382936
31165928
77098020
22267708
93033107
55422244
93903841
18060088
18022882
57716774
96513378
30658582
81988124
24413864
26888275
75477163
41229060
52512063
84940527
96522918
56616197
68883853
35899364
12865928
60703288
58072427
28083446
43647879
15300062
75136149
68720256
85031037
49555923
82844534
75779034
35471281
86061419
35048615
82963514
56662763
53443711
72866875
46953423
90353461
84426456
31520928
19244458
81288059
30807167
70315326
49684512
45346140
82693120
59273033
70945449
10096613
95634408
77908497
60874366
34901990
12512536
93179370
58865345
93241474
42049389
53042832
18501586
98354109
82337519
62008140
35483846
80339453
76779917
84016756
30687181
92280734
48000942
53298644
65003032
96020669
53221337
24826245
22919301
80222787
98434857
18949617
15875684
27418007
33976493
14197492
37122588
24368701
75145297
35718350
23254482
14270425
86639957
96134450
62156850
98304696
75754558
80574548
93747900
89228847
44351488
16588161
59171204
39624910
91329718
19512542
11756387
38016352
98013189
75955329
20731620
72821834
95753950
18147041
58442674
84896161
65828293
59535555
17824896
92803389
45677170
81003974
15456373
19447334
50789378
20460308
38977615
79724133
23035125
23586205
41006711
81358338
61718263
35428946
35920053
80624297
98164473
43388408
86507818
93929707
34011268
84950330
84912498
65725133
24161873
95714702
87385064
58045029
71568435
99287317
67321034
23972387
32388767
34212413
83815115
63896091
77738718
55300210
98252435
31230084
81658908
90519326
69460086
57288136
52299387
83830667
53574336
59891348
65343779
94992144
67792552
53412847
91659860
42309234
85584002
83232714
38712948
60340113
83851788
44103265
58319528
70720566
70062404
63296593
10026256
14652375
48182550
89961933
12188077
79472352
28130896
50512501
10881653
50310141
39781129
38833029
52265790
12912708
47038339
84311410
78621697
84668420
86593789
86720441
30765467
22655004
15064880
71789789
57735307
30952341
28576833
45566111
59269031
88135616
43535226
41271945
44392465
50305910
22335296
86569490
63660012
86378602
39183937
20361818
53579429
74764506
33206579
75535348
87340611
22799546
89890579
96201956
50318100
15015930
87347488
61210252
20533057
17505818
54881018
56698401
68291349
65904597
26178675
40429530
97614538
90839556
11534696
95078886
94851591
61336531
17264930
50907334
80381542
15527388
52857940
82468141
85821325
30076290
53866598
77431202
39634895
30561818
16780654
62731823
69809598
89877290
87209399
77743626
22090729
39807828
67973424
48894019
62925057
29865888
27742113
55119729
21079017
73868130
86697457
16618423
83571770
63578549
45239935
21419108
63489393
77353558
68316409
27498659
28102047
74548325
85067462
36589676
75479608
63058791
97543303
86682706
36320002
85318641
92677695
80363346
43050557
42522981
19615892
45736421
67722445
53407575
87311859
22025190
25103503
65510043
66846657
59025393
56749089
35567100
53048774
56241350
89708841
97967622
13248985
50912093
32717056
56938140
92707781
69352435
93642093
29571424
69118000
16023362
41338443
36801295
60173377
30936786
21517819
25082279
17319968
42621391
93349536
29820881
48612439
11843251
56073103
24935479
50952251
70406241
73242092
13053200
54543739
38052785
82209870
38437423
37353754
83339816
80231557
44716489
83658696
74830696
93623280
28971329
99692417
12468064
60547291
88249598
99057266
80705777
15836056
44286770
32859916
18067834
48119652
36936968
92941828
46410780
17124981
72405984
97880113
11118594
18938604
62163068
98633740
46414662
98983888
98597172
58347794
24480943
12560649
49258091
97162488
61878269
41026926
61096850
78255127
23368583
52339783
75050252
90142265
81344862
21813934
35020518
36692577
77196215
71469875
85254207
12884132
15335477
43204410
81056927
50926679
54770958
75757673
62801229
31072888
12465878
56544010
57232974
57698045
93917080
50577537
41702866
77276832
47027755
18322800
93992429
44585138
61965156
13954845
84482698
47606981
40277197
30361927
55873760
62726977
98171888
28422816
21783647
61298971
79889565
92201431
93956490
40524866
66013532
42260681
86893142
30501644
67239162
51927304
91251236
54195849
70286467
82777382
27686156
37750491
97573396
28599426
87984620
82659280
37153619
28536762
51473062
80303981
28153282
67722252
29482024
98077934
85812116
31212832
52613620
19101846
84804948
81532887
25889673
34714210
52627226
29531743
13957187
52773504
65571528
65197277
50714693
69459055
95476210
46748299
30395330
35224021
24330619
27655789
34796255
13516265
92138779
92805158
45817693
91282861
86107235
92189839
40992396
90042177
41163012
40992534
13501001
58219240
20667011
73968467
27996802
77420864
91163038
72916371
97183615
60191981
34692904
62004039
75960711
73598657
28456645
31983035
35938895
40369856
14325777
64839908
12015179
46219821
65437830
39870720
37223861
37455861
18876667
33767033
68959861
92820305
75759022
53606752
71410640
43122766
67385552
64340297
15613827
91594977
61052956
51996390
62902012
92074794
86763742
89699265
81962094
80495248
96086421
15168989
79880338
24672184
70614013
71324136
15692967
42980201
79619091
82191574
63098035
15268263
84853354
61995659
79273350
94644215
16616323
35481281
49081432
68995922
63424009
50876565
48374806
71920968
32345453
66701914
49516346
92293489
17321129
79386491
29091078
72220513
96718276
70625891
22138759
77197151
25189633
34128507
88577462
83337520
28160554
62756521
65506990
53414191
70516875
13343647
34008676
70891997
89230801
37102854
71026547
22103709
43565477
53496580
97050454
32010905
26581824
22239481
25322958
70317234
95103759
58713437
21449650
80305568
61551334
78674708
92150984
31461370
60825385
83866174
61084208
15892974
32935793
54988861
85898994
98520663
30144703
31759927
29408873
34007090
16886777
66315301
51347409
51542843
69895766
48759467
94081078
34252610
25777827
27659164
37226295
10474177
93558632
43971980
11638498
71557975
76790446
76926628
82947490
10771825
91602221
76231992
41927492
39108314
89035763
98512648
73848982
70899748
65049584
69307507
20657547
90693921
90544341
10882216
42844845
83462947
47327686
93183589
94374018
84832912
37868647
16565770
34808803
29898606
17390556
97681338
56844649
14928616
29511823
14352961
99522760
87590290
90971604
50056146
54440977
21771255
16580878
24614652
65963010
33924094
31654047
48168910
92019078
98707799
89855385
86810468
85454146
33812810
71114408
87707540
58343701
14810369
22499198
50170625
53328415
59468550
60860378
19082067
67354434
83882978
18714202
49303341
73191967
28058430
26377680
46831833
54185620
80739820
65533646
80416822
38164968
38058347
92148463
17809403
24670297
86687590
94420078
80994013
21766833
74916146
91171931
48545627
67318164
91717739
52478375
44850980
80516816
87194344
93650413
57493391
27409802
92448605
85515502
76625267
79753731
94806492
76805681
76102828
34146739
91793056
41235369
48988647
35978571
10212187
25865493
13219453
72395893
93947919
25827722
37827473
92585240
65650977
65571661
16105858
54800838
56929234
85217695
95564277
38499515
11516293
95982334
37002880
47799296
44147341
19104802
51308532
50303435
78006730
83818891
53476321
10822924
25278911
54732472
55816776
63156840
86359356
92677226
13908068
33572537
36040330
54360949
55357116
74304823
73686372
14772547
96657974
28220579
74625235
30855594
94181424
71823092
82070563
54977656
72071682
65559839
17519183
79937264
50177237
85825317
52346074
84514623
81925331
12512345
37952515
87496999
54522609
57458790
18886963
30039365
47642707
14183991
55520266
60363964
94088862
81708931
32276047
86635858
91294213
62286700
35149571
89885300
25682621
51376831
52211394
14245067
46439766
65548633
21649801
76713516
41895802
59873103
70653840
50618137
39009803
80477785
50576475
33489813
25063426
60226379
15019076
37125189
22429114
69562350
77913458
13346688
74781956
77116153
30679969
35529779
55649583
74890505
80280155
51655640
53934556
29232735
23187101
79276026
27812995
37539747
14905998
71655384
62021209
80107942
25547243
10551617
51739205
15909601
89763928
21687128
54733393
72663022
16192775
23838227
79870757
98447373
51940463
13017249
87518768
51895110
95745109
38165011
53067834
36918105
35843038
48462422
47131272
81440849
52835559
69205536
25790828
46595028
30041488
31138757
46726921
25362614
12047721
93610257
85111698
78996054
23740579
37726346
82816971
57018904
83734610
52746321
46379997
28999435
48019546
87052108
42859865
32988138
19562056
51792388
92310750
55464764
82555030
69545378
16808353
27458237
13891332
73181059
16772091
24217270
61485872
17220897
21558774
67239263
62602177
34022690
90010054
89558393
94486125
69839130
92720444
57731087
51935074
54604858
36594858
81603135
20542212
72504573
86207390
27689263
22470997
72850928
23054418
71147472
51660066
96492401
72464469
73155598
41097470
40037183
29289997
92804565
44635255
58781345
62623673
34609232
99279031
54335867
53588695
70838623
75432046
14061983
18773168
73798298
25151444
57169588
74243595
71906810
32924595
47883942
56790372
91126594
87132010
27098533
78175850
23815327
64450250
24358786
53737494
84645170
97167893
19519256
50549608
81503899
71870997
63796676
89260394
65491233
42021033
93332410
42707660
83544472
31343341
74743230
61514973
18866414
55729880
37949250
89318677
67867771
68432185
86129797
55929418
83085160
41696096
33231136
98934311
99872888
20454809
87066247
75314414
25344154
89478790
90003898
72130518
53671508
84502610
23106885
69755911
33645674
51343854
64464708
19342578
90296988
24595457
90048179
60856575
53943990
76343171
96568973
98605814
18252004
22151134
39207357
28645088
87949346
95380301
10024741
29693143
98701999
30027490
70797197
81303949
49124904
62342586
92620697
87568641
70016768
36261929
37603443
52493026
50229795
86541203
50876026
68348074
56206415
21983952
88212291
11089747
92072899
78507933
64250458
27120235
49484797
18376603
59556257
83670115
17130627
10113187
85165988
58216998
24723458
47877483
14185545
41573535
67943873
89210454
62917798
93914843
52698324
61377152
64496780
61212793
68410219
83164605
38348941
98917575
33274710
73736162
28665507
35263378
84547422
61619474
58357021
66000400
30705405
48717904
99934747
26850922
28022414
11557295
19629584
97025331
12108265
29326800
75323947
98305426
68617594
28223512
21363335
28417392
96200382
65815175
71207129
91125155
67137046
93650995
34131995
70987778
78372512
66925051
84094900
70404120
61635535
57688529
40298433
34936450
67011913
91144449
10997236
87569592
76861495
41776042
77340900
46138183
65141717
83305194
87356703
59253883
14491176
15082158
86255745
74863150
59469782
25188664
87882357
74630252
20745888
29070658
80653292
47503167
72402697
79383794
20500470
80243759
91882291
21871068
42914388
73411376
94646134
99085263
99753695
20479977
95052118
82369824
87796412
51943002
92280717
17083242
56109986
81810948
11447323
72930506
70939515
78808477
72979305
87036318
54495054
66507825
57367387
49542951
48816900
32482565
14741407
90213415
50811697
85659375
44956086
18243352
94463223
73506531
87596783
32693431
86887967
16928303
98089763
49158452
93794410
13663887
48495745
75063411
21074327
27021671
77859961
20316277
47292234
43829709
27789051
92650976
47711414
46939015
44488013
11906295
24971907
91043555
33436273
89426041
30285078
98470372
69948773
59629263
33541704
45064728
41701674
75084661
34267798
80784933
14441335
56016278
21328172
29470999
89932574
30689702
76565050
65424925
61427803
41936764
98673262
69080631
95573823
32452379
38300713
87545284
56315279
17291483
96202825
45486562
25568500
17049544
32494944
72279029
63518621
73918769
50448811
73923372
81473736
41361490
60975999
62354374
73698335
45248951
29481680
81194737
68349054
11592230
48761035
70239684
61271721
52371009
81169409
15505291
23068017
81308986
95553621
57490002
67953319
91937985
97518806
46586490
54958564
46282557
45847919
23190487
44271680
97824468
88406887
62499769
71888947
42453439
89017236
36162482
79786819
55285947
34148004
52046364
83499313
11419753
11137651
19120357
11605433
65196875
23112905
80499776
23946199
69853349
57179735
39449560
48023482
43808923
35914696
14569008
13181023
93134088
22340150
17634560
89743930
98128100
39101720
90448089
95642035
26346394
26103055
21594582
91159552
27435856
60460287
98099795
96960449
85976468
34799223
24877375
34731360
44002147
49536330
72673716
98647835
20162184
95735668
70860191
47095573
67308741
99600963
53406567
44539133
31738712
19931717
47216895
18373492
61378412
62155724
54648162
18060935
44660198
45522715
33881291
69132953
19314506
75997780
36933352
91913332
62698503
33950102
96635285
76042812
24553291
29310253
82562419
67881875
39311339
92405160
96347387
24260594
69268093
44761889
23862962
14678950
19787090
19450582
86684568
43634472
69845276
12518567
76800348
29978882
97626101
95944345
10116452
15078212
99201885
62409851
45760499
30348410
54269149
62523472
87126909
10497109
79173535
75857881
74174787
68526669
64212251
19408620
82494849
40312650
10443906
61596498
74701849
26267678
86134185
81847296
58173202
54753520
50644896
63769608
17408103
94862181
96848857
22169115
59037166
81756326
55642455
20798726
71691749
48917593
96945247
37262368
33705307
84420438
15278941
61561575
98682228
35636010
50113698
62358969
24330160
94639988
58219211
75297400
21390049
94931806
68785183
35429494
28782825
14791343
35916466
13404379
89583788
42008932
75663681
62179495
18454727
82551667
96356711
51302939
77066471
81664219
70305001
12203625
14971784
55538076
17523501
55327823
15746469
64426343
25862805
38410963
97758252
99565693
80211929
71521428
82016051
29992217
87758465
41270805
19668169
14949636
29003951
75618337
97755782
12558593
73246028
92996496
16147399
42572300
97078639
27520478
11928065
33118870
94914383
16705248
51250118
23058343
71228059
92037350
32909541
89328380
18584245
24271532
25324937
76725470
89856515
92628262
39604743
18470495
37198033
67205134
55277425
63956682
53518077
26213828
87304983
83267417
28432040
53163063
38619492
16118522
89602555
33279749
55030548
18485498
26206185
46761344
28956482
65721070
32555403
59650807
84277128
32146747
68876111
42701425
88112812
15462513
27900736
23417457
94851724
92200507
60483455
31173338
12097866
75359668
20834405
10852226
10969588
34080385
21964334
97477181
89689161
48081803
65864403
73889312
27031212
37670356
29204927
95875952
46366259
80207530
70454232
65301908
42112095
33427561
91945021
15049433
90030269
34159253
77093782
92147935
21814004
94180238
50426348
56688115
66208488
10613380
84854623
41626932
35756766
25771632
81162107
22842469
93070162
58573570
82440371
78120967
39430744
72306017
94082607
98493393
37931877
47101348
17122803
36000523
25123535
30027622
73674613
76775311
33665782
31442569
99945021
15786878
17251463
96551756
58881166
48260712
38130660
68340640
43739891
54868265
92788091
70820445
15813974
24015162
17040602
82123324
33607235
31212522
13901068
75103838
79109207
25577992
19510600
41581408
69702849
89551741
87814308
53751263
66246123
36675960
53712695
40878564
24781783
53772726
40572391
23161945
41825487
65377624
36837617
60403103
39616854
19868991
73215242
88529753
75016103
17293304
68500818
29453688
39013196
91796786
71067841
33898911
61986593
60128319
28307917
71436848
36059032
94828438
58129159
46197787
37140286
55082572
27074074
14307663
86325036
18006318
47662052
28320921
24912833
72482955
71549421
66133052
32978251
56113991
39508245
49615907
91018650
31043745
95630804
92077910
32808354
87594146
84189605
40830120
21606388
65256920
80030620
75661110
39050434
89400640
73550616
72110987
47469681
11946674
67460000
43105363
43263373
53928918
68283876
87774748
39850909
89426243
29994374
87000815
10681501
66072388
15935671
15376584
73169926
77674770
14512474
67136170
81285951
62924755
74326441
23153230
70725652
76476033
42280906
21152355
84958851
11667385
64575354
39260335
27812303
58104396
49700319
42086411
96924795
22177508
12138110
74395377
99796439
50914476
31716808
71643898
86555214
88337534
13276720
71047698
72244899
28605786
64406548
34822996
59716992
94129142
72316725
95013818
10183025
94195455
19489004
61657620
54681905
81258920
14390822
49807633
67163632
46210517
92208524
82804407
87205978
37802722
20866138
93276088
55056176
17356698
79086760
58853980
16920612
24893677
61399349
59068774
72458605
93098685
15486060
59066128
59181804
33523992
96996261
84999585
18993381
85263692
37476059
28576512
54953500
42028739
82428426
25241453
97112459
74222305
87862305
38158070
40257672
53011925
57340158
45884163
77587480
66764586
47197817
17309497
18505267
60038218
56335527
70721529
75260270
77303492
80690141
26469781
73104323
81391010
81518649
49227057
70663511
93342668
59411699
18808386
35280389
71454824
21718382
20760289
62436517
33999716
48704726
20327693
24678711
32114547
47036407
25035684
29858055
76616115
30199508
37414797
79885511
94191586
13045436
49348536
65906603
82670169
27720413
73606441
56533319
66388890
69573887
96528081
12883305
49126722
35375292
18448940
12957704
41182544
79742280
96526415
55080697
65256328
87672417
56008827
98014684
96711527
53796105
75249732
89639062
99369591
81157706
83614224
69761289
71472671
50813240
86135229
27710599
51137063
33050166
44897610
40438156
74994010
59915883
48674340
16351040
29909634
57395084
48169110
71193423
32328873
93031143
31580852
81848989
48285148
34465275
33536332
99436783
30600381
31643241
41931112
25692379
15523254
52496800
87111463
26974987
69175071
44951262
59616555
34762712
37535486
85495759
14655890
99329049
52539471
56150365
29856736
60051795
70187134
82459667
31823481
81624345
50474667
26306114
13345404
64299436
77030603
29513094
71477186
52978923
30945115
10576371
83302419
78103287
54463735
96871612
49668971
73607213
48899945
87004412
99508156
29741209
85864089
69338400
55457454
25074747
74287772
15379569
28713077
83948598
25686844
51350093
13328008
63905855
92882398
39576862
69857441
57968550
22412607
53804166
17386489
91624673
96075527
36192555
88306842
80656754
39815643
47302753
36268513
13026428
21219199
82264474
69788371
21727533
78690958
62938641
36098642
75829146
52648731
90956358
91212170
78659862
17522583
99491869
58461306
63359331
29856967
67396933
59610894
61823158
60040550
11636220
48205125
56294407
57158074
51350514
69804203
85300576
21757289
38950113
69622247
65782199
69391930
48739802
31983567
66885794
65592149
28732457
88809974
90253572
21553190
29278938
37888268
50698994
73701495
80504712
55018873
18873909
89279578
60435319
21871327
10888369
64956876
95739089
46685578
65635129
33473742
84600071
72024691
86224438
28378036
36743897
34965358
61240239
48851088
84338760
75845287
15668405
50532800
88545322
50790697
76317044
85065432
72203452
40134594
13602405
10328387
30672747
45255913
50288055
95973864
95437748
73423402
26666744
97753291
99377391
48612968
65989834
34074943
76019888
96541691
42849824
13817499
26019511
47207440
76176080
18955654
90381832
58554539
87989327
74489726
85910136
68528124
44616300
94288202
73893102
26050250
60090353
78790057
87210585
12354860
44834491
31856985
88068345
17853132
29614192
52906872
71880273
28186152
57967465
31918943
17098551
46597195
58474537
66306216
95395644
57779407
16538403
48903840
49146492
81083363
95757950
20311502
78969993
36013386
94292753
34595062
22684736
90364540
32432603
82975834
53299559
52441045
50409241
46434606
58656970
22862542
81728681
87852542
57194894
29289438
11731095
28381043
79547700
47771252
60065117
75082045
65296966
55676049
31881401
23746292
39242850
30744009
77562908
39677351
35288872
84981433
92332960
80551927
81416669
83969111
25296356
66015266
71806103
20254278
25645176
27613681
12332623
74359847
56735943
51818682
58663129
28658140
69315901
90215042
80212126
55908520
33113253
50894029
13860039
25917805
39844365
27275764
29107146
40410305
51262331
26823411
38164383
27477597
20550179
67016371
24995099
20433455
12524153
74995591
67881056
15706527
36353784
24471004
14401363
98555359
78918010
89614758
17954445
72959166
25961469
43958759
15809144
18891570
50486214
99601933
11378737
22952493
26615289
90771151
37568480
88866745
36846824
34800996
57182050
13927092
22184193
29536326
47228730
87812909
56685830
57271923
31549640
77194013
92269619
42456869
77767769
86535694
19172042
23301739
87595788
11876942
80979534
39124988
35709072
47830178
33055043
82091897
10581018
23245372
38724658
77671943
73715236
59185834
89105321
34847161
69010948
24404851
34273079
57623448
60951070
66920644
38759369
79021601
40541809
64704189
25145863
52181984
26591378
72532267
24806384
79756655
28241849
76547299
58486215
48691113
84777007
15450389
21039132
54038904
76265010
25532025
61644447
48065683
71330222
90582915
51876858
69586748
40316218
84345332
64664494
49002238
67440042
35338291
19342782
73844258
59317149
34064874
11716086
75987927
24115931
63199848
68795196
80150556
98388851
21409300
26001148
29242468
62990697
63770881
89263249
23652916
32645646
18685284
58816328
36720922
55450370
36878911
89854290
64262755
26476859
41255233
67002833
76989425
47382097
88103795
89678350
46637787
96413557
63718703
57794571
73864322
99479873
90955493
64283500
75032899
78640894
47432067
29780216
71020042
24500436
26400072
43647023
75678288
76742957
40980376
94338531
28066831
13989423
23368540
17093731
19157497
76858535
13590174
34037816
61356129
91145880
53883276
30499966
50634767
93478965
93648866
22929680
20269972
98728736
79786361
76060289
72548391
37102821
49401349
98864649
76826878
75800289
77752405
45120118
82804811
56119311
82548572
83366099
12371679
14241081
67768169
25989909
61489930
70413482
52219420
60511038
69398880
71694016
14829304
14410367
33738978
84714519
98504649
50673953
32031067
75965276
67805041
28050706
51937627
62221499
75425092
24681002
86350455
75841004
98594248
84327616
82396020
86800757
73057955
73875700
85464643
30979701
78006116
17480910
62530781
45351739
76396319
89328732
60707149
92804241
57347151
48176560
53014471
18244186
13777824
89250658
16055696
27206452
59178730
56825449
88378721
13610435
93906615
55802675
61079694
23066102
67465077
56324312
57964863
65288255
57146562
17576489
98750131
42779846
43234179
41490443
96984204
51889289
89528254
21400686
18791292
50924657
25364077
55311134
32787384
12645698
82265081
53770661
15016739
71862210
98284097
66703371
86242300
79089893
66528833
45784981
12738346
73042053
88918579
12984525
52481834
60699081
86551556
62385285
53274663
86844836
23116517
75546384
23429380
37636546
55092789
76670159
77480448
99575241
55572210
32364326
92520800
50201014
58765904
68517739
37079584
76699729
95287876
20109437
81918425
38733345
48568210
45588515
16379551
49905650
86976644
63959197
40317902
93828673
22342371
87603784
22714930
89438729
55209639
46690420
19028796
86024718
81278157
73789440
67325182
38150713
56616029
20289344
97447790
50513220
77731571
50253107
68104261
99047650
82470537
52057523
36853878
65608317
63995920
43724189
93881231
79171687
70831313
83492593
34239835
12496895
94267786
79286427
35036832
87422596
77001977
38582041
98691908
72719315
45961754
95621026
81500378
92466364
68213514
85982862
94122098
18037180
80097837
36930522
58892118
72073912
29829822
42262445
30196097
50302318
68436893
65064200
52768905
18647316
95084307
37321097
65356542
45827376
48526473
96710377
31553261
44419684
90696029
41692809
64474404
42008703
25241574
30127592
35758531
13718391
42962076
51680049
72298460
75146916
85138440
68536768
66642448
96828407
14966557
37110707
31388734
46602780
28311409
13911355
44681437
47281925
98405286
83914523
33620336
96475652
15668332
75208604
12672106
17425900
21264832
52131585
90745350
49994087
18533790
64627534
58779318
98238841
22120705
63270351
28865664
41680907
25023307
86634749
77142220
26192377
80055957
99149714
87902618
80499222
43797105
76632538
22112987
41954134
90506654
26411718
52065222
54196006
88426937
62338292
41667072
66756516
39260590
29364653
24336334
33508806
38737174
46849119
68985391
64811239
44132362
89118793
17506180
75814814
81601127
60292051
25161415
52478561
83248658
66878965
73733841
43064092
47276794
29449696
58720768
73783187
59357131
51362065
12828532
96623797
91311077
14672042
98882124
17337997
42168745
43954789
84185883
61632246
51509315
95758290
58701586
26381779
81794497
41726640
69378298
62139697
11055770
62744287
44297151
50384524
22113193
41602967
49919426
38237596
31505334
68900892
94738725
52571763
96493863
64531161
14547522
46780559
20750109
75993764
73228801
65426729
54657219
66689004
23474864
31520919
45026810
77959068
18907659
57225359
66488286
90814633
83514771
53858104
70835762
13670974
16992585
96083599
96113089
34661114
94578152
69512807
96046825
28265989
10412827
63775923
36853654
94328498
51009896
52107027
87283822
21036999
24875109
31182569
43501223
79305456
97131540
27460780
89727494
65071708
52869025
70597948
74205127
27919382
44987861
33283960
89593852
53967101
47822197
36664193
21327835
65632768
59338378
34412762
62813894
60643036
86556525
40130153
12782955
13082993
84964625
96853189
92141673
94104500
40696566
21942232
72065617
36610839
45135941
32650041
16681756
63825994
92947099
67566435
90583348
44917786
30032157
21953600
59381407
32833506
86134053
25750520
11894470
80576741
68406016
70895638
76323560
25906458
40129725
37265709
35574404
45729141
48649601
76326127
61281039
27475058
67889258
37730181
90541748
38932858
47979220
35415894
66147435
34208834
64831176
29588118
13861862
48949039
45138129
41606345
92903638
70529066
43328672
59611937
88235926
96870487
71493746
21507650
11385159
72932224
27878463
53385340
63358890
38483372
61471888
66813149
90154282
44390017
19805359
22788187
84759271
17885602
16994436
54676053
41519884
73207479
57553566
91386202
90293348
16108500
10719539
44045250
77718480
93169072
61128589
50601849
62975309
59781518
27748717
85102924
15519702
87911634
34074932
44935754
32799095
77611740
76147841
55523530
72825287
27705940
22032348
52589618
81192277
68106835
29031501
44951103
25682275
52046335
15927344
27162621
77002914
47715268
58397866
67725168
47973618
45328305
92266282
45400991
79386899
52011533
68488779
32143753
52351453
75937784
30302410
84581396
98237348
95450010
69054404
17143361
35356407
29947547
17323881
40851360
34580812
14813349
73115555
44926669
31951974
72697508
68576625
25572483
76425800
15474970
69259769
57851319
85276619
75122376
71439467
76167803
25098270
29871432
26596590
56923095
22559810
37344675
48133464
34247098
32588172
78281626
46613462
85597784
99004832
88608290
38507329
88322404
10553745
80600592
86609843
34235540
65890810
20312681
43038691
76855296
22657432
54111700
13484583
48155583
26373347
62904575
60138147
89233891
24236463
53424580
30639394
13875470
20880123
71771451
98521869
74405060
70942299
94336613
46147308
89752745
98316111
10779182
54214932
15885044
98070016
93532396
70814320
53609415
86391152
27357063
38369179
16534020
96388439
47977444
53375256
17453784
19492426
83438064
90838200
61189424
22421986
63533881
44247519
33892205
42223009
63541768
21970652
12753078
37947183
31869528
62143976
64008708
48243447
96861418
97787024
30687604
26186924
50070254
75880113
68030164
51621092
91002225
27620998
58190104
99324622
22899866
59319220
78807151
36826266
75716091
69786268
62088494
73946652
46034695
85572241
90576371
66783572
22109438
66711868
59423803
92391939
35012256
68264710
94649276
67179047
22475197
15427508
78899524
55868216
72213255
40095669
96920825
30813102
76481027
80770150
94498056
96869121
80421060
21270276
49017499
72843313
68700864
20627779
74103912
50318100
29945631
27151649
50320166
43373708
80208227
67409191
49658873
86307568
16405980
83953207
20272020
16052535
78909330
24446145
78538495
67030927
65434526
22681476
72365138
98698490
86299853
44008132
57708716
44206757
88593591
20974924
77571186
12183547
25292162
98795539
72126560
34099087
34455561
62741841
16074522
21179070
65868338
49949573
52137166
88813775
71068817
99960756
70390985
93726413
45577682
55813124
35124449
38329117
34842009
20498581
91074604
44805028
24271459
68223505
81722733
12404540
10784780
63007123
25660291
11785713
33049928
98020116
74037945
71762034
64370473
98277293
90783964
75326787
50641125
93013580
92778089
58416197
63015631
50621889
21762188
26789227
28134687
11862394
35609022
25020641
12132081
35262608
13599088
38082305
74574456
97056735
29482265
97206603
42451191
68490538
94028236
82287324
35624104
21555280
50388512
72199925
29886456
73617738
66623671
12928205
25630838
32294301
30457766
69762583
75101884
73282209
12634395
70333053
88547740
42565200
37023185
49571601
86427662
62577566
16834659
54808596
11056868
23779264
94612181
67953597
65792417
76532158
87666600
89972230
84397493
49027097
14968366
75430674
63644191
75243366
78901438
89327948
92073508
75485030
41125867
18147644
80908408
12552775
66640491
87363548
52392689
84256721
18524244
45950066
97013391
65987241
73530347
25695520
76409428
93576934
96728786
56541891
70173215
68549800
12792658
31653807
48656152
35796821
72980385
56150415
68802221
41152352
78133743
39487949
88874216
55520344
90812511
98175428
72876614
27603804
49378681
62394739
65950146
97577092
58352683
73394367
31746728
93462271
37811066
47910765
21568480
99530801
74812367
27327046
33258738
36774319
30980122
91302255
76060051
23543068
65832475
76266658
50755467
41503438
38109613
84736526
16314854
12433447
58155542
45005058
57921617
31287665
33449822
77575794
14290941
18545050
55329991
67796900
25296699
92887892
40425851
26198473
85427873
40077607
75278845
44604301
55677542
57679636
16264794
84762274
45902065
30290817
79174131
91106361
99856875
23977705
16767531
68764105
71355706
24888885
24212564
91949659
91826622
23672496
85493830
15633042
78089422
24148036
32420574
94547252
25845657
37566472
58538289
31076551
49208083
69259530
77900294
76892907
23327047
30709222
96851348
58819941
54910261
28491507
26506561
37097261
68936139
65800998
10884169
42925764
73574016
55811204
48488047
77783003
32986369
21439895
45704013
59987561
65701512
58404738
94482060
99254152
42943913
30348912
81088456
66602596
40626070
28521285
67555628
65486872
64936566
71572793
79277190
58556533
13994712
69401906
29539994
11335293
79437366
19339029
21378739
55406344
52252354
63908666
32055285
68260195
18250139
62783304
14978636
98607345
96096076
30260447
87115770
17759103
94772931
98632237
79763470
49691460
66278204
63955904
84304333
50845544
52103461
56192019
11060619
47551535
80839007
91926643
29711458
64215650
69886480
96420023
37532561
83071525
93800137
92971716
97514936
69343538
56338752
97074691
64291836
36480587
50470861
21311994
14962052
82133102
54894880
62344046
26912191
79856260
82583635
48108152
38686961
22458031
78675400
84059443
51909809
79972515
55729171
95320264
31478506
13143613
13743496
82468532
89524487
44720808
42392076
50794416
66739991
77816807
24823261
18045780
60060376
44863921
94153110
78115413
57576607
26617902
16406597
97370696
26743635
70228445
49991663
86830962
10699730
70820382
55497164
41688446
88060201
85913174
94254420
99324655
81576791
89933222
41385191
57021454
50158160
48189707
99512805
86875315
28786655
60689435
79748476
43236783
24123318
54002874
79316990
88164250
35844329
58488507
70976401
23151704
29670044
67135430
65304811
20998762
22381399
18347493
67027331
27456803
73921605
38827874
69883130
20478739
59565830
80632831
64056687
88952163
85023475
79651618
62986806
45392370
88423925
76951467
95424369
66830764
69066531
75705089
65958370
31856387
29373816
77885433
27062291
75063976
71433172
27365785
78878589
81020117
25845497
38540398
71127098
73532708
14376489
31050667
85031292
59570909
25940510
90745413
64844029
24809069
26222417
59604988
86740966
48868189
15406577
80166008
30576183
25803092
59857504
50926285
60259138
50702879
49457501
75219822
13755114
29175605
29077681
89138026
66607262
16529832
50958413
48048350
38934853
34572196
75604774
10279945
26418573
83489212
56794869
19068358
15997180
66045988
74582407
86914689
51567482
85935555
70716667
55341868
60641104
73783961
91296981
27825403
28592146
77748258
95424250
71865804
70388500
99552852
70273791
29996104
53649791
21987653
93855267
99187990
93696762
64979383
61973818
41248877
63069304
55499525
82611046
16149817
99985448
69471365
47228655
96693449
21882280
32228439
13329148
86771841
94571826
51452887
85302098
96591866
26613686
96424699
85075065
21428912
35827078
93041052
82723772
87424245
17096679
86536905
80028608
35420283
73865585
77463037
12505049
26144134
98349411
81384965
34124750
12546591
46904845
37622679
42921822
87786253
69623470
21361254
81611045
91450675
53007542
63928396
89039884
16037602
75964394
13122340
55628196
68655485
34227374
65691824
13228867
80853774
52598349
61272646
44517819
22217180
25387340
23332334
82716383
32569515
48299260
29331950
34517408
44299947
22029742
30700047
51177222
64663717
32708438
17907267
92473495
53659778
34354859
13646855
17851976
50000149
62336822
23253224
52955238
29120731
65408139
53515775
44619354
60400522
26235817
16962963
37187070
42161649
90128603
88655491
41741300
76166580
78265991
77702274
61680358
25445960
46143160
18137886
52726394
72387558
84238655
64636878
18785652
74984400
13879756
64692890
95032473
41372112
12499514
46126008
84366722
88674767
23624363
43059986
84451573
97449682
26853900
50884443
86268638
64592513
69858725
21261988
95335496
77166896
37307523
29108179
60104178
82536595
32573855
42905017
82146810
66875091
84511273
70631785
15609238
10134359
72364542
93312959
48822404
97652074
32465588
10072871
18076555
74717944
46682099
90244451
43673745
61023340
57166514
94853379
38555376
88538733
78495121
47756962
16104857
31664929
81684250
85575530
19386546
50350996
22041357
63056925
26505688
28743541
84689357
47508257
67977016
38299831
91932582
77755826
52722031
55987725
95251058
45079216
70762792
46643203
43007935
98889317
53169555
55852776
38269460
71713222
90465362
54084785
12130654
27948365
96764149
10274812
91709974
73958633
10574350
11285619
33291610
65453803
84596958
75629343
62719526
82226781
20891605
97120361
97411506
20404976
82296289
14153705
69750614
26564560
57378150
60516391
90706579
58045348
61908845
33781587
11131640
26745522
72101540
59725069
35902794
69670203
11256721
39732013
12655050
47733231
58025924
35704262
22075101
92334886
93917830
50691933
39681939
41441568
76277877
58720925
14938681
47682480
76147579
91339562
38063091
10957697
36318323
95689443
63161787
24890990
47224958
86383608
77152570
76305077
32881048
84059354
36007403
98562013
85927914
90929605
85851838
33559082
18772554
88942114
27212939
18730772
27103487
44846207
86491124
40596967
80206603
46819677
35749878
13102778
81530199
92470962
43946491
85177493
70924933
10262390
67326334
96029038
97245556
16960906
53352227
68055632
64609958
46780435
26336672
79564413
72624210
76514912
58515929
79425047
15833729
40138350
16303488
47303539
66379776
81458898
70245170
52445278
10692467
62594409
36119862
54923454
20980204
86748329
13405363
40283277
66884191
19991216
43552306
36424359
32076343
54187782
51715656
18434795
94019584
93925634
22982357
13741017
74420002
67975205
13224383
89528133
94060174
54869326
43609390
43172390
24474127
73562365
41992031
55741665
17305854
54773484
79749603
41775196
19785926
90525899
93156815
68858430
22840710
93932889
69922335
87703269
26753912
21480272
18145263
14475312
60653117
52047653
18727939
27117564
18321798
69313284
17353632
50462762
91971952
94045156
67960448
18830219
23667066
17488001
85062345
17006587
49583058
61198088
63912988
22862118
92852868
65177982
41287760
90473708
98546660
93752957
11423586
70855827
61528873
72305089
67459379
93243271
93111718
23593293
55582551
97365194
13485913
70945151
79419139
54049408
88894973
35834405
24496399
23782772
11649345
89883050
19065665
89575878
35986503
86935230
26908967
95545512
78303134
44398138
57699801
66506603
74612320
93329195
69676465
34954217
42635373
28478117
15915081
18118989
27137020
51831217
88453254
68498545
78870570
97470361
58015538
51766978
88338313
82631078
29545414
29784909
73018412
51429578
90977513
56023301
49065941
59503523
11084726
79481912
88710632
98271886
29407935
17693044
41861591
78062865
85088096
17329266
66648087
56146216
36227100
36893461
95973808
37012825
19180999
55842323
35414874
99638670
73850736
72733686
90498733
54445587
87632976
85980240
55051587
92691963
50215871
66196330
54106502
31780851
24072446
70975394
15662934
76562688
39448158
10496212
95733862
39933920
40906854
72617503
93741127
38606966
42080592
74524663
54495204
60454028
37557095
63729043
34728879
10902666
58696493
11327694
19896028
58034735
14028892
84449447
25460445
29112869
49000479
69110577
36092388
94736292
88609496
58306200
15892805
13984330
