10000099
10000149
10000307
10000393
10000395
10000874
10000908
10000911
10001041
10001229
10001313
10001343
10001371
10001471
10001577
10001582
10001585
10001784
10001900
10002027
10002096
10002235
10002248
10002366
10002371
10002428
10002446
10002490
10002950
10002958
10003036
10003091
10003112
10003141
10003273
10003280
10003459
10003461
10003468
10003490
10003561
10003563
10003763
10003787
10003818
10003898
10003934
10004127
10004137
10004216
10004352
10004392
10004393
10004430
10004546
10004547
10004579
10004643
10005294
10005338
10005576
10005699
10005780
10005804
10005845
10005966
10006168
10006264
10006287
10006401
10006420
10006445
10006865
10006883
10006892
10006934
10006956
10007244
10007451
10007605
10007760
10007894
10008020
10008130
10008136
10008203
10008242
10008250
10008323
10008381
10008439
10008445
10008575
10008684
10008690
10008791
10008922
10008937
10009081
10009100
10009193
10009256
10009337
10009493
10009939
10010036
10010040
10010392
10010423
10010435
10010586
10010658
10010718
10010729
10010893
10011069
10011168
10011188
10011272
10011294
10011311
10011397
10011472
10011507
10011766
10011852
10011896
10012007
10012010
10012539
10012603
10012667
10012687
10012714
10012771
10012811
10012828
10012868
10012920
10012924
10012976
10013014
10013163
10013189
10013255
10013292
10013415
10013529
10013756
10013756
10013889
10013906
10013979
10014139
10014340
10014392
10014476
10014483
10014568
10014664
10014896
10015200
10015201
10015239
10015249
10015471
10015595
10015614
10015667
10015797
10016105
10016197
10016262
10016269
10016406
10016546
10016653
10016700
10016761
10016783
10016848
10016881
10016908
10016943
10016976
10017184
10017365
10017486
10017602
10017647
10017872
10017904
10017966
10018039
10018113
10018395
10018414
10018533
10018736
10018787
10018789
10018814
10018814
10018824
10018899
10018971
10019001
10019006
10019050
10019060
10019158
10019626
10019751
10019806
10020045
10020056
10020084
10020093
10020147
10020220
10020427
10020524
10020546
10020762
10020825
10020886
10020907
10020950
10021227
10021333
10021343
10021349
10021386
10021428
10021467
10021545
10021625
10021684
10021881
10021915
10021948
10021983
10022149
10022263
10022293
10022458
10022725
10022734
10022750
10023014
10023129
10023405
10023512
10023515
10023634
10023644
10024006
10024057
10024067
10024102
10024129
10024193
10024488
10024642
10024800
10025069
10025227
10025310
10025315
10025360
10025367
10025414
10025518
10025523
10025541
10025556
10025884
10026242
10026281
10026283
10026292
10026369
10026377
10026526
10026539
10026694
10026759
10026826
10026909
10027253
10027393
10027409
10027477
10027483
10027516
10027543
10027574
10027605
10027893
10027935
10028117
10028255
10028293
10028451
10028860
10028870
10028904
10028922
10029010
10029097
10029538
10029623
10029830
10029887
10029902
10029906
10029975
10029978
10029994
10030135
10030193
10030225
10030255
10030388
10030530
10030728
10030731
10030774
10030804
10030859
10031391
10031527
10031602
10031624
10031784
10031929
10031930
10032133
10032170
10032171
10032266
10032415
10032495
10033056
10033133
10033149
10033254
10033493
10033619
10033900
10033953
10033974
10034046
10034056
10034144
10034246
10034286
10034463
10034520
10034751
10034765
10034789
10034839
10034933
10034947
10035045
10035075
10035283
10035332
10035348
10035364
10035410
10035573
10035616
10035764
10035876
10035970
10036094
10036106
10036180
10036228
10036380
10036435
10036612
10036612
10036693
10036779
10036800
10036860
10036863
10036936
10036967
10037015
10037139
10037226
10037387
10037423
10037442
10037595
10037637
10037697
10037714
10037714
10037796
10037857
10037889
10037998
10038023
10038055
10038235
10038417
10038463
10038522
10038559
10038571
10038684
10038828
10038851
10038933
10038981
10039012
10039273
10039348
10039529
10039559
10039580
10039632
10039754
10039825
10039868
10039899
10039907
10039915
10039976
10040116
10040178
10040495
10040513
10040576
10040684
10040787
10040805
10041121
10041299
10041347
10041435
10041646
10041946
10042064
10042214
10042289
10042340
10042394
10042464
10042597
10042678
10042756
10042805
10043113
10043276
10043356
10043436
10043516
10043526
10043617
10043678
10043691
10043713
10043908
10043934
10044070
10044277
10044380
10044456
10044899
10044910
10045052
10045087
10045095
10045105
10045106
10045120
10045120
10045148
10045172
10045219
10045230
10045288
10045319
10045387
10045388
10045388
10045440
10045451
10045529
10045547
10045559
10045593
10045653
10045683
10045704
10045992
10046032
10046039
10046098
10046108
10046196
10046374
10046404
10046450
10046498
10046658
10046681
10046706
10046846
10046904
10046959
10046970
10046977
10047015
10047068
10047148
10047201
10047374
10047375
10047395
10047422
10047433
10047573
10047582
10047640
10047643
10047734
10047764
10047798
10047826
10047977
10047995
10048030
10048100
10048103
10048214
10048367
10048419
10048512
10048694
10048836
10048925
10049054
10049100
10049193
10049346
10049420
10049531
10049551
10049736
10049945
10050442
10050542
10050589
10050589
10050594
10050643
10050651
10050751
10050806
10050903
10050943
10051237
10051358
10051566
10051673
10051887
10051928
10052004
10052034
10052152
10052178
10052209
10052232
10052387
10052401
10052410
10052410
10052420
10052504
10052506
10052784
10052805
10052895
10053048
10053143
10053156
10053295
10053413
10053539
10053565
10053711
10053824
10053991
10054125
10054128
10054201
10054232
10054339
10054355
10054383
10054496
10054604
10054668
10054782
10055006
10055018
10055335
10055469
10055537
10055541
10055575
10055646
10055760
10055799
10056070
10056191
10056363
10056404
10056408
10056461
10056509
10056653
10056736
10056771
10056825
10056828
10057111
10057113
10057118
10057339
10057662
10057722
10057802
10057834
10057980
10058059
10058122
10058162
10058168
10058293
10058354
10058383
10058398
10058461
10058659
10058659
10058679
10058728
10058928
10058991
10059024
10059123
10059181
10059190
10059201
10059332
10059378
10059588
10059642
10059789
10059827
10059912
10059974
10060131
10060239
10060320
10060342
10060450
10060474
10060491
10060542
10060605
10060806
10060828
10060861
10060867
10060885
10060885
10060909
10061048
10061073
10061141
10061761
10061775
10061911
10061963
10062032
10062124
10062199
10062203
10062207
10062226
10062264
10062413
10062473
10062499
10062503
10062712
10062721
10062747
10062765
10063030
10063156
10063387
10063435
10063438
10063502
10063683
10063747
10063931
10063965
10064012
10064015
10064061
10064142
10064166
10064174
10064202
10064418
10064468
10064537
10064601
10064715
10064755
10064758
10064800
10064895
10064984
10065054
10065074
10065323
10065451
10065485
10065486
10065506
10065605
10065686
10065831
10065876
10065907
10066087
10066099
10066197
10066197
10066339
10066484
10066484
10066522
10066667
10066879
10066916
10067002
10067004
10067141
10067192
10067204
10067255
10067522
10067567
10067638
10067719
10067758
10067903
10068629
10068748
10068820
10069011
10069316
10069521
10069538
10069676
10069685
10069877
10069961
10070057
10070162
10070193
10070209
10070262
10070271
10070406
10070664
10070773
10070776
10070794
10070827
10070852
10070893
10071033
10071075
10071162
10071287
10071295
10071312
10071397
10071489
10071720
10071747
10071750
10071892
10072046
10072145
10072259
10072458
10072503
10072554
10072589
10072678
10072751
10072799
10072952
10073041
10073077
10073142
10073232
10073294
10073364
10073402
10073457
10073567
10073899
10073940
10074035
10074058
10074110
10074135
10074173
10074191
10074488
10074501
10074585
10074851
10074869
10074881
10074899
10075066
10075117
10075232
10075415
10075611
10075633
10075664
10075721
10075776
10075808
10076006
10076068
10076181
10076196
10076664
10076894
10077236
10077295
10077534
10077641
10077734
10077761
10077854
10077861
10077877
10077879
10077914
10077971
10077972
10078181
10078194
10078215
10078229
10078317
10078401
10078595
10078595
10078645
10078707
10078724
10078915
10078947
10078956
10078963
10079070
10079176
10079195
10079200
10079219
10079356
10079654
10079835
10079844
10079967
10080065
10080145
10080161
10080215
10080285
10080301
10080333
10080356
10080376
10080466
10080627
10080631
10080810
10080997
10081151
10081250
10081258
10081344
10081441
10081647
10081724
10081759
10082024
10082040
10082117
10082323
10082343
10082393
10082694
10082842
10083073
10083208
10083246
10083266
10083305
10083562
10083620
10083745
10083824
10083873
10083887
10083894
10083911
10083912
10083948
10084090
10084295
10084449
10084531
10084583
10084689
10084893
10084971
10084988
10085163
10085214
10085659
10085693
10085723
10085879
10086034
10086067
10086093
10086361
10086363
10086367
10086399
10086451
10086537
10086617
10086636
10086820
10086999
10087151
10087263
10087503
10087538
10087602
10087718
10087776
10087950
10088174
10088221
10088226
10088482
10088503
10088532
10088552
10088560
10088717
10088768
10088822
10089080
10089165
10089200
10089260
10089288
10089294
10089455
10089482
10089494
10089646
10089751
10089926
10090223
10090336
10090390
10090509
10090654
10090738
10090746
10090764
10091041
10091178
10091262
10091357
10091368
10091485
10091492
10091628
10091694
10091815
10091865
10091880
10091924
10091980
10091982
10092059
10092212
10092212
10092223
10092365
10092537
10092605
10092621
10092637
10092788
10092982
10093004
10093075
10093406
10093425
10093451
10093509
10093590
10093663
10093683
10093784
10093929
10094002
10094056
10094149
10094187
10094333
10094391
10094496
10094593
10094770
10094834
10094933
10094945
10094957
10095133
10095313
10095327
10095424
10095427
10095479
10095549
10095559
10095633
10095806
10095826
10095916
10095943
10095988
10096326
10096395
10096473
10096484
10096925
10096928
10096950
10096968
10097127
10097360
10097562
10097578
10097640
10097689
10097702
10097716
10097755
10097871
10097903
10098135
10098212
10098214
10098233
10098318
10098339
10098417
10098682
10098747
10098756
10098768
10098805
10098826
10098841
10098867
10098986
10099012
10099099
10099164
10099165
10099179
10099238
10099428
10099439
10099608
10099702
10099743
10099933
10100006
10100126
10100135
10100158
10100176
10100335
10100340
10100349
10100442
10100475
10100527
10100644
10100696
10100832
10101066
10101206
10101318
10101613
10101680
10101884
10101967
10101972
10101977
10102078
10102090
10102119
10102216
10102249
10102290
10102309
10102312
10102322
10102436
10102453
10102752
10102857
10102949
10102957
10102997
10103039
10103088
10103114
10103120
10103129
10103285
10103488
10103543
10103962
10103971
10104062
10104222
10104417
10104595
10104708
10104731
10104922
10105192
10105273
10105501
10105791
10105989
10106191
10106221
10106278
10106290
10106480
10106802
10106916
10107094
10107515
10107526
10107562
10107747
10107917
10107952
10107980
10108115
10108190
10108341
10108420
10108636
10108725
10108819
10108859
10108928
10108944
10108989
10108989
10109014
10109091
10109228
10109309
10109390
10109413
10109576
10109655
10109758
10109778
10109865
10109879
10110013
10110059
10110084
10110095
10110239
10110297
10110322
10110475
10110480
10110522
10110541
10110545
10111067
10111430
10111678
10111726
10111731
10111739
10111750
10111754
10111798
10111924
10112198
10112417
10112430
10112479
10112582
10112659
10112694
10112732
10112897
10112982
10112987
10113071
10113182
10113326
10113409
10113441
10113520
10113633
10113777
10113781
10113827
10113856
10113953
10114030
10114165
10114214
10114302
10114319
10114366
10114377
10114440
10114534
10114552
10114697
10114764
10114889
10114913
10115062
10115097
10115453
10115458
10115532
10115570
10115803
10115927
10115946
10116105
10116142
10116560
10116593
10116822
10116903
10116954
10116994
10117004
10117033
10117193
10117304
10117329
10117515
10117796
10117799
10117818
10117852
10117880
10118035
10118142
10118244
10118357
10118406
10118473
10118628
10118655
10118678
10118762
10119579
10119659
10119752
10119795
10119966
10119986
10120248
10120266
10120392
10120442
10120571
10121017
10121222
10121259
10121301
10121348
10121424
10121446
10121450
10121472
10121480
10121544
10121588
10121682
10121719
10121782
10121794
10122057
10122239
10122273
10122295
10122317
10122350
10122557
10122619
10122829
10122969
10122993
10123132
10123421
10123679
10123773
10123826
10123951
10123976
10123985
10124159
10124171
10124293
10124419
10124478
10124546
10124670
10124695
10124858
10125177
10125221
10125380
10125661
10125772
10125909
10125951
10125995
10126168
10126177
10126436
10126602
10126610
10126654
10126715
10126896
10126966
10127060
10127122
10127182
10127317
10127342
10127435
10127509
10127589
10127629
10127655
10127665
10127708
10127730
10127842
10127883
10127963
10127980
10128072
10128157
10128198
10128202
10128241
10128307
10128363
10128383
10128400
10128650
10128824
10128862
10129127
10129301
10129314
10129355
10129465
10129531
10129566
10129607
10129745
10129761
10129831
10129975
10129977
10130125
10130137
10130175
10130316
10130689
10130789
10130874
10130895
10130906
10130911
10130915
10131296
10131299
10131308
10131352
10131406
10131412
10131648
10131773
10131849
10131938
10131938
10131964
10132014
10132271
10132280
10132302
10132362
10132400
10132607
10132657
10132705
10132719
10132721
10132795
10132939
10133075
10133435
10133614
10133660
10133707
10133766
10133780
10134117
10134124
10134179
10134190
10134202
10134263
10134272
10134304
10134556
10134575
10134623
10134649
10134765
10134780
10134781
10134814
10134900
10135047
10135099
10135117
10135210
10135332
10135557
10135581
10135748
10135920
10135988
10136029
10136099
10136201
10136259
10136312
10136397
10136571
10136675
10136723
10136843
10137099
10137234
10137285
10137302
10137349
10137464
10137588
10137735
10137778
10137798
10137815
10137996
10138030
10138091
10138200
10138208
10138264
10138283
10138624
10138800
10138859
10138915
10139105
10139127
10139218
10139251
10139272
10139353
10139404
10139550
10139569
10139572
10139602
10139630
10139666
10139693
10139800
10139877
10139882
10139958
10140081
10140264
10140515
10140652
10140720
10140803
10141077
10141148
10141270
10141334
10141351
10141434
10141527
10141764
10141936
10142149
10142168
10142349
10142352
10142384
10142390
10142466
10142679
10142682
10142761
10142790
10142828
10142845
10142872
10142904
10142973
10142981
10143004
10143035
10143089
10143181
10143188
10143248
10143289
10143369
10143484
10143537
10143874
10143904
10144318
10144580
10144833
10144906
10145200
10145679
10145770
10145783
10145785
10145910
10145945
10146237
10146332
10146339
10146369
10146541
10146605
10146623
10146643
10146651
10146665
10146679
10146928
10146990
10146998
10147028
10147135
10147144
10147152
10147324
10147527
10147578
10147590
10147608
10147622
10147631
10147736
10147798
10147798
10147815
10147839
10147875
10148025
10148073
10148090
10148241
10148497
10148541
10148692
10148724
10148837
10148908
10148975
10149074
10149129
10149164
10149244
10149302
10149352
10149601
10149654
10149675
10149831
10149843
10150120
10150236
10150543
10150581
10150675
10150679
10150801
10150806
10150860
10150916
10150998
10151105
10151136
10151319
10151333
10151420
10151517
10151566
10151596
10151709
10151759
10151835
10152073
10152373
10152432
10152572
10152617
10152673
10152787
10152954
10152981
10153029
10153161
10153190
10153227
10153319
10153455
10153492
10153600
10153661
10153665
10153696
10153854
10153866
10153884
10154105
10154240
10154255
10154312
10154348
10154358
10154464
10154477
10154521
10154600
10154650
10154754
10154866
10154906
10155006
10155076
10155119
10155204
10155212
10155471
10155532
10155594
10155642
10155828
10155837
10155879
10155944
10156158
10156274
10156282
10156286
10156321
10156460
10156600
10156613
10156702
10156868
10157036
10157063
10157092
10157095
10157112
10157117
10157126
10157172
10157219
10157674
10157814
10157841
10157853
10157921
10157966
10158088
10158265
10158369
10158605
10158652
10158785
10158821
10159139
10159171
10159216
10159311
10159550
10159690
10160158
10160254
10160290
10160292
10160467
10160558
10160588
10160634
10160669
10160683
10160783
10160833
10160877
10160906
10160907
10161025
10161123
10161453
10161555
10161696
10161765
10161813
10161970
10161979
10162094
10162182
10162230
10162280
10162309
10162447
10162461
10162921
10163132
10163218
10163265
10163355
10163392
10163409
10163450
10163505
10163548
10163552
10163630
10163648
10163991
10164333
10164344
10164353
10164664
10164877
10165003
10165072
10165144
10165228
10165244
10165419
10165544
10165825
10166079
10166104
10166131
10166262
10166356
10166551
10166688
10166900
10166914
10166933
10166967
10167302
10167491
10167581
10167603
10167664
10167809
10167833
10167888
10168110
10168243
10168361
10168460
10168583
10168614
10168637
10168681
10168694
10168702
10168728
10168822
10168986
10169024
10169164
10169192
10169378
10169663
10169849
10169881
10170003
10170033
10170106
10170258
10170289
10170299
10170388
10170429
10170607
10170624
10170638
10170677
10170691
10170699
10170724
10171020
10171071
10171118
10171130
10171159
10171238
10171359
10171360
10171395
10171525
10171535
10171666
10171691
10172288
10172412
10172539
10172642
10172791
10172792
10172863
10172922
10172979
10173017
10173327
10173489
10173560
10173757
10173905
10174034
10174108
10174160
10174363
10174542
10174653
10174832
10174967
10174980
10175013
10175205
10175218
10175252
10175297
10175352
10175541
10175572
10175573
10175579
10175733
10175837
10175912
10175951
10176013
10176022
10176053
10176092
10176151
10176179
10176357
10176389
10176504
10176531
10176805
10176825
10176874
10176915
10177041
10177227
10177321
10177391
10177433
10177504
10177672
10177781
10177785
10177827
10177843
10177957
10178177
10178240
10178243
10178281
10178394
10178479
10178570
10178581
10178667
10178699
10178833
10178921
10178924
10179031
10179109
10179378
10179382
10179471
10179735
10179787
10179789
10179880
10179921
10179933
10180103
10180589
10180613
10180808
10180913
10180913
10180927
10180946
10180972
10181026
10181204
10181205
10181222
10181409
10181630
10181712
10181839
10181904
10182346
10182366
10182500
10182557
10182655
10182787
10182954
10183031
10183195
10183618
10183677
10183756
10183781
10183853
10183886
10183920
10183933
10184022
10184149
10184378
10184392
10184552
10184573
10184879
10184920
10185109
10185183
10185231
10185255
10185320
10185371
10185492
10185535
10185536
10185542
10185608
10185768
10185887
10185892
10185905
10185980
10185998
10185998
10186173
10186423
10186446
10186525
10186586
10186589
10186675
10186781
10186799
10186860
10186959
10186988
10187024
10187029
10187089
10187134
10187162
10187221
10187323
10187646
10187751
10187777
10187851
10187891
10187978
10188000
10188046
10188205
10188236
10188242
10188470
10188489
10188677
10188854
10188999
10189230
10189293
10189357
10189667
10189748
10189999
10190055
10190100
10190170
10190173
10190392
10190494
10190514
10190642
10190654
10190948
10191215
10191331
10191476
10191486
10191541
10191700
10191708
10191780
10191897
10191898
10191915
10191950
10192033
10192044
10192082
10192101
10192102
10192126
10192129
10192175
10192216
10192220
10192308
10192412
10192512
10192597
10192677
10192898
10193004
10193022
10193038
10193049
10193050
10193076
10193196
10193277
10193429
10193462
10193659
10193785
10193853
10193916
10193932
10194030
10194140
10194199
10194263
10194297
10194338
10194359
10194491
10194502
10194739
10194873
10194920
10195033
10195117
10195153
10195319
10195373
10195476
10195483
10195576
10195669
10195773
10195813
10195961
10195972
10196117
10196166
10196316
10196336
10196450
10196460
10196574
10196678
10196687
10196737
10196779
10196839
10196842
10196884
10197081
10197083
10197309
10197564
10197812
10198104
10198234
10198346
10198496
10198558
10198627
10198634
10198783
10198889
10198926
10198983
10199038
10199067
10199098
10199130
10199240
10199306
10199403
10199568
10199585
10199612
10199613
10199615
10199695
10199724
10199940
10199941
10200058
10200074
10200145
10200188
10200243
10200286
10200302
10200326
10200341
10200405
10200435
10200524
10200565
10200613
10200654
10200692
10200697
10200719
10200925
10200946
10201041
10201102
10201277
10201370
10201411
10201435
10201513
10201551
10201552
10201555
10201573
10201753
10201989
10202049
10202139
10202173
10202199
10202238
10202480
10202512
10202575
10202683
10202828
10202939
10202974
10203066
10203203
10203371
10203479
10203555
10203683
10203697
10203916
10204092
10204115
10204181
10204220
10204467
10204481
10204554
10204588
10204622
10204624
10204718
10204804
10204946
10204964
10204988
10205197
10205245
10205292
10205496
10205514
10205774
10205885
10205993
10206038
10206050
10206082
10206214
10206341
10206483
10206497
10206900
10206983
10207299
10207307
10207406
10207433
10207493
10207502
10207683
10207748
10207812
10207835
10207861
10207970
10208299
10208403
10208460
10208517
10208772
10208872
10208931
10209029
10209083
10209100
10209232
10209699
10209728
10209786
10209786
10209857
10209894
10210166
10210299
10210368
10210427
10210513
10210586
10210881
10210914
10210968
10211038
10211200
10211298
10211320
10211945
10211991
10212022
10212202
10212321
10212567
10212574
10212943
10213018
10213056
10213076
10213120
10213279
10213302
10213429
10213577
10213592
10213864
10213941
10213997
10214188
10214361
10214466
10214650
10214702
10214892
10214935
10214966
10215024
10215073
10215107
10215161
10215248
10215405
10215432
10215714
10216043
10216094
10216186
10216280
10216280
10216366
10216377
10216406
10216424
10216446
10216764
10216770
10216779
10216789
10216900
10216914
10216929
10216930
10216959
10217060
10217105
10217134
10217136
10217536
10217638
10217666
10217886
10217890
10217898
10217952
10218137
10218184
10218193
10218376
10218502
10218581
10218735
10218760
10218872
10218932
10219079
10219105
10219163
10219205
10219208
10219484
10219485
10219498
10219542
10219550
10219649
10219712
10219758
10219905
10219962
10219984
10220179
10220181
10220190
10220271
10220301
10220490
10220589
10220590
10220662
10220785
10220816
10221002
10221075
10221285
10221301
10221523
10221568
10221576
10221701
10221762
10221773
10221828
10221828
10221853
10221947
10222059
10222067
10222135
10222274
10222374
10222480
10222562
10222580
10222588
10222662
10222721
10222750
10222901
10222954
10222956
10223114
10223239
10223299
10223340
10223343
10223412
10223845
10223867
10223951
10223972
10223977
10224003
10224270
10224307
10224308
10224365
10224447
10224512
10224585
10224701
10224745
10224785
10224812
10224907
10225097
10225120
10225185
10225212
10225248
10225409
10225495
10225511
10225573
10225664
10225713
10225756
10225983
10226040
10226066
10226136
10226219
10226379
10226438
10226478
10226573
10226636
10226717
10226933
10226949
10227037
10227135
10227229
10227305
10227356
10227366
10227382
10227398
10227569
10227572
10228051
10228209
10228245
10228260
10228319
10228530
10228664
10228931
10228981
10229198
10229213
10229522
10229530
10229555
10229639
10229701
10229831
10229846
10230039
10230117
10230164
10230174
10230335
10230374
10230469
10230524
10230585
10230644
10230820
10230932
10230973
10231029
10231075
10231482
10231627
10231666
10231720
10231775
10232051
10232189
10232228
10232257
10232588
10232628
10232647
10232759
10232818
10232827
10232854
10232908
10233123
10233177
10233262
10233265
10233326
10233341
10233415
10233459
10233570
10233651
10233924
10233947
10234011
10234029
10234114
10234151
10234268
10234300
10234318
10234463
10234503
10234531
10234568
10234641
10234647
10234655
10234881
10234974
10235020
10235032
10235311
10235382
10235478
10235596
10235653
10235872
10236133
10236209
10236252
10236252
10236277
10236365
10236432
10236510
10236707
10236777
10236827
10236870
10237000
10237025
10237074
10237213
10237452
10237530
10237589
10237617
10237658
10237743
10237829
10237870
10237904
10237967
10237990
10238102
10238156
10238161
10238200
10238284
10238472
10238472
10238726
10238763
10239023
10239224
10239252
10239321
10239485
10239740
10239757
10239848
10239882
10239958
10240051
10240061
10240228
10240387
10240532
10240651
10240822
10240906
10240986
10240986
10241152
10241181
10241490
10241539
10241602
10241774
10241824
10241830
10242003
10242112
10242151
10242210
10242637
10243003
10243052
10243079
10243281
10243423
10243439
10243946
10244073
10244206
10244672
10244693
10244791
10244840
10244851
10244891
10244897
10245061
10245158
10245159
10245263
10245335
10245452
10245454
10245598
10245611
10245642
10245673
10245764
10245784
10245856
10245916
10245951
10245997
10246032
10246045
10246116
10246190
10246244
10246269
10246293
10246403
10246436
10246474
10246513
10246775
10246824
10246855
10246942
10247097
10247143
10247316
10247445
10247494
10247880
10247889
10247923
10247993
10248005
10248007
10248079
10248162
10248167
10248171
10248221
10248541
10248569
10248949
10248993
10249052
10249128
10249310
10249467
10249780
10249821
10249832
10249937
10249990
10250011
10250100
10250133
10250145
10250150
10250172
10250206
10250606
10250752
10250795
10250920
10250936
10251128
10251159
10251184
10251227
10251260
10251296
10251519
10251880
10251959
10252032
10252109
10252331
10252406
10252482
10252571
10252833
10252854
10252869
10253013
10253037
10253192
10253256
10253330
10253353
10253358
10253554
10253732
10254072
10254302
10254377
10254452
10254632
10254721
10254797
10254889
10254969
10254990
10255259
10255262
10255405
10255434
10255545
10255623
10255724
10255756
10255777
10255903
10256055
10256271
10256442
10256477
10256500
10256612
10256661
10256757
10256811
10256814
10256890
10256919
10256964
10257033
10257088
10257184
10257333
10257495
10257508
10257522
10257656
10257709
10257810
10257815
10257933
10257985
10258051
10258209
10258240
10258395
10258411
10258515
10258527
10258642
10258649
10258690
10258910
10259027
10259071
10259106
10259137
10259315
10259459
10259575
10259580
10259624
10259721
10259736
10259765
10259835
10259985
10260257
10260290
10260360
10260496
10260541
10260631
10260969
10261004
10261078
10261216
10261328
10261562
10261565
10261882
10261924
10261945
10262195
10262238
10262411
10262539
10262921
10263003
10263088
10263105
10263150
10263252
10263255
10263362
10263406
10263432
10263443
10263526
10263573
10263611
10263767
10263805
10263809
10263869
10263930
10263935
10264010
10264155
10264270
10264296
10264331
10264380
10264442
10264464
10264478
10264500
10264562
10264681
10264709
10264830
10264948
10264950
10264960
10265113
10265171
10265233
10265351
10265371
10265490
10265557
10265620
10265655
10265691
10265886
10266138
10266210
10266296
10266375
10266451
10266519
10266549
10266564
10266635
10266679
10266731
10266787
10266828
10266840
10266877
10266923
10267058
10267074
10267291
10267451
10267767
10267933
10267980
10268090
10268194
10268434
10268504
10268971
10268998
10269066
10269077
10269228
10269356
10269374
10269548
10269584
10269587
10269659
10269694
10269767
10269891
10270011
10270170
10270206
10270258
10270347
10270396
10270485
10270487
10270531
10270540
10270570
10271062
10271153
10271330
10271341
10271350
10271560
10271737
10271906
10272122
10272304
10272437
10272687
10272722
10272784
10273139
10273148
10273184
10273194
10273212
10273258
10273274
10273328
10273683
10273713
10273977
10274007
10274201
10274206
10274412
10274460
10274461
10274545
10274685
10274714
10274726
10274801
10274817
10274869
10274877
10274892
10275000
10275009
10275139
10275157
10275186
10275583
10275637
10275637
10275850
10275912
10276000
10276447
10276536
10276767
10276796
10276925
10276967
10277023
10277106
10277161
10277168
10277211
10277219
10277395
10277567
10277676
10277699
10277755
10277816
10277867
10277956
10277965
10278073
10278138
10278141
10278265
10278366
10278495
10278587
10278619
10278620
10278702
10278716
10278724
10279114
10279257
10279291
10279356
10279384
10279461
10279475
10279515
10279592
10279656
10279821
10279859
10279914
10279939
10279993
10280244
10280482
10280495
10280515
10280576
10280735
10280998
10281043
10281119
10281299
10281333
10281402
10281402
10281487
10281558
10281599
10281604
10281629
10281767
10281793
10281933
10281937
10282099
10282126
10282154
10282201
10282237
10282243
10282271
10282287
10282313
10282386
10282525
10282593
10282600
10282636
10282668
10282724
10282735
10282882
10283153
10283234
10283318
10283371
10283415
10283455
10283626
10283664
10283674
10283681
10283944
10283964
10284103
10284128
10284159
10284459
10284461
10284527
10284637
10284720
10285030
10285141
10285222
10285312
10285462
10285516
10285602
10285692
10285722
10285827
10286015
10286054
10286110
10286149
10286218
10286324
10286327
10286341
10286551
10286570
10286759
10286787
10286807
10286907
10286931
10287030
10287077
10287126
10287195
10287241
10287409
10287494
10287566
10287667
10287767
10287770
10287780
10287885
10287898
10288130
10288134
10288293
10288337
10288383
10288425
10288461
10288472
10288577
10288721
10288868
10289020
10289214
10289291
10289348
10289544
10289640
10289694
10289824
10289961
10289970
10289982
10290082
10290342
10290563
10290581
10290660
10290718
10290726
10290768
10290939
10290958
10290985
10291327
10291418
10291649
10291658
10291724
10291786
10291845
10291954
10291962
10292048
10292084
10292127
10292216
10292323
10292407
10292431
10292452
10292495
10292511
10292566
10292615
10292676
10292780
10292848
10293045
10293244
10293257
10293447
10293552
10293564
10293623
10293631
10293809
10294117
10294162
10294318
10294383
10294605
10294831
10294832
10294851
10294862
10295077
10295375
10295813
10295818
10295868
10295907
10295917
10296052
10296077
10296079
10296100
10296301
10296311
10296379
10296388
10296535
10296646
10296712
10296770
10296832
10296898
10296928
10297037
10297141
10297315
10297388
10297482
10297494
10297530
10297660
10297713
10297884
10297909
10297935
10297970
10298065
10298169
10298258
10298268
10298498
10298508
10298599
10298608
10298927
10298931
10298939
10298958
10298975
10299018
10299166
10299197
10299229
10299264
10299393
10299696
10299836
10299912
10299916
10299941
10300128
10300168
10300221
10300261
10300347
10300365
10300367
10300394
10300421
10300486
10300534
10300566
10300576
10301102
10301126
10301221
10301245
10301258
10301431
10301453
10301474
10301508
10301759
10301778
10301848
10301857
10302121
10302147
10302164
10302253
10302260
10302348
10302460
10302484
10302569
10302788
10302955
10303163
10303192
10303196
10303342
10303417
10303581
10303696
10303701
10303746
10303856
10303996
10304062
10304065
10304075
10304149
10304397
10304402
10304451
10304460
10304464
10304841
10304868
10304882
10304894
10305034
10305055
10305064
10305136
10305171
10305225
10305310
10305365
10305417
10305475
10305518
10305594
10305747
10305818
10305901
10305945
10306051
10306183
10306246
10306544
10306614
10306614
10306788
10306825
10306875
10306933
10306976
10307103
10307125
10307308
10307320
10307325
10307325
10307345
10307524
10307565
10307578
10307657
10307666
10307683
10307702
10307954
10307992
10308183
10308250
10308298
10308318
10308326
10308335
10308397
10308476
10308489
10308711
10308741
10308807
10308809
10308945
10308971
10308992
10309160
10309203
10309207
10309221
10309258
10309312
10309359
10309368
10309401
10309759
10309921
10309934
10310031
10310131
10310165
10310188
10310277
10310298
10310543
10310570
10310615
10310662
10310714
10310767
10310771
10310844
10310872
10310925
10311036
10311047
10311142
10311246
10311300
10311484
10311497
10311520
10311640
10311736
10311772
10311856
10311865
10311873
10311882
10312102
10312106
10312175
10312277
10312336
10312398
10312522
10312542
10312592
10312637
10312638
10312776
10312830
10312866
10313196
10313288
10313484
10313503
10313524
10313542
10313625
10313682
10313718
10313763
10313921
10313949
10313984
10314023
10314377
10314398
10314437
10314566
10314634
10314748
10314793
10315075
10315225
10315243
10315546
10315556
10315567
10315659
10315793
10315796
10316087
10316160
10316576
10316592
10316678
10316741
10316828
10317142
10317143
10317420
10317532
10317546
10317687
10318182
10318224
10318303
10318479
10318507
10318534
10318560
10318576
10318580
10318639
10318775
10318835
10318836
10318964
10318969
10319012
10319025
10319085
10319196
10319285
10319461
10319513
10319702
10319829
10320019
10320156
10320249
10320304
10320352
10320360
10320468
10320495
10320499
10320551
10320597
10320598
10320602
10320728
10320731
10320783
10320835
10320889
10321014
10321084
10321183
10321448
10321475
10321515
10321551
10321593
10321665
10321822
10321941
10321946
10322009
10322022
10322123
10322138
10322302
10322453
10322495
10322587
10322797
10322823
10322932
10323047
10323114
10323148
10323153
10323583
10323788
10323897
10324095
10324107
10324117
10324156
10324251
10324255
10324459
10324507
10324671
10324882
10324971
10324981
10325075
10325123
10325156
10325264
10325424
10325446
10325458
10325588
10325720
10325753
10325905
10325939
10325939
10325948
10326042
10326052
10326073
10326282
10326314
10326531
10326655
10326684
10326688
10326723
10326740
10326796
10326946
10326964
10327026
10327048
10327059
10327105
10327227
10327259
10327414
10327608
10327796
10327855
10327889
10328016
10328032
10328152
10328180
10328258
10328431
10328479
10328502
10328521
10328551
10328672
10328925
10329158
10329158
10329228
10329346
10329499
10329501
10329540
10329628
10329728
10329758
10329805
10329932
10330200
10330222
10330292
10330336
10330363
10330391
10330565
10330587
10330675
10330735
10330947
10331013
10331071
10331079
10331115
10331246
10331255
10331290
10331390
10331447
10331472
10331593
10331621
10331685
10331774
10331856
10332037
10332113
10332151
10332268
10332288
10332308
10332349
10332367
10332368
10332408
10332520
10332639
10332816
10332855
10332895
10333017
10333035
10333074
10333465
10333500
10333584
10333596
10333598
10333657
10333677
10333851
10333942
10334017
10334074
10334255
10334264
10334339
10334466
10334616
10334618
10334632
10334651
10334653
10334736
10334893
10335062
10335307
10335322
10335567
10335590
10335670
10335873
10336002
10336078
10336119
10336142
10336332
10336379
10336717
10336845
10336857
10336902
10336939
10337035
10337138
10337188
10337304
10337367
10337386
10337390
10337400
10337475
10337681
10337683
10337800
10337801
10337818
10338129
10338397
10338477
10338488
10338491
10338575
10338602
10338713
10338948
10339011
10339028
10339136
10339548
10339858
10339932
10339934
10339946
10340027
10340226
10340227
10340324
10340360
10340368
10340371
10340742
10340828
10341042
10341214
10341219
10341545
10341858
10341878
10341892
10341963
10342246
10342313
10342426
10342558
10342634
10343033
10343069
10343142
10343162
10343211
10343279
10343348
10343422
10343641
10343701
10343707
10343785
10343787
10343871
10343971
10343981
10344084
10344143
10344271
10344371
10344496
10344501
10344532
10344671
10344728
10344738
10344784
10344967
10344972
10345102
10345265
10345274
10345639
10345683
10345731
10345810
10345870
10345872
10345934
10345957
10345994
10346106
10346263
10346302
10346328
10346362
10346455
10346506
10346671
10346713
10346768
10346928
10346985
10346994
10347056
10347087
10347162
10347301
10347327
10347362
10347431
10347462
10347506
10347509
10347682
10347705
10347748
10347750
10347750
10347787
10347847
10347900
10347905
10347942
10347973
10348233
10348253
10348296
10348381
10348411
10348554
10348623
10348680
10348743
10348749
10348781
10348878
10349025
10349026
10349235
10349282
10349287
10349351
10349360
10349378
10349504
10349516
10349618
10349635
10349735
10349907
10349919
10350012
10350046
10350178
10350246
10350293
10350324
10350493
10350747
10350876
10350905
10350913
10350984
10351148
10351177
10351327
10351427
10351463
10351806
10351868
10351893
10351933
10352065
10352138
10352196
10352258
10352486
10352600
10352629
10352644
10352688
10353188
10353229
10353248
10353313
10353575
10353609
10353842
10353854
10354012
10354087
10354103
10354142
10354161
10354309
10354382
10354432
10354513
10354579
10354593
10354862
10354881
10354920
10354942
10355065
10355087
10355559
10355569
10355708
10355713
10355765
10355794
10355901
10356027
10356071
10356227
10356245
10356338
10356470
10356560
10356567
10356569
10356703
10356838
10356970
10356977
10356979
10357058
10357283
10357335
10357442
10357655
10357657
10357707
10357904
10358020
10358040
10358173
10358238
10358279
10358415
10358440
10358725
10358731
10358807
10358897
10358945
10359027
10359030
10359069
10359291
10359384
10359633
10359680
10359687
10359773
10359773
10359861
10359866
10360080
10360118
10360164
10360182
10360312
10360489
10360523
10360606
10360683
10360744
10360844
10360924
10361040
10361046
10361303
10361334
10361353
10361424
10361436
10361657
10361722
10361859
10361871
10361913
10361974
10362119
10362167
10362223
10362262
10362594
10362618
10362785
10363119
10363211
10363215
10363238
10363464
10363698
10363752
10363824
10363983
10364006
10364045
10364114
10364314
10364342
10364362
10364372
10364374
10364417
10364433
10364583
10364692
10364866
10365158
10365234
10365293
10365451
10365584
10365685
10365868
10365914
10366072
10366074
10366093
10366195
10366266
10366314
10366387
10366401
10366451
10366811
10366947
10366950
10366976
10366977
10367061
10367148
10367275
10367370
10367472
10367543
10367686
10367744
10367857
10367898
10367909
10367987
10368013
10368048
10368063
10368186
10368264
10368352
10368513
10368625
10368763
10368862
10368864
10368869
10368979
10369077
10369119
10369122
10369201
10369210
10369234
10369360
10369520
10369612
10369638
10369768
10369774
10369830
10369863
10369935
10369980
10370020
10370064
10370167
10370221
10370421
10370461
10370494
10370572
10370637
10370714
10370737
10370846
10370879
10371035
10371209
10371251
10371277
10371434
10371491
10371510
10371575
10371663
10371723
10371876
10371923
10371977
10372392
10372480
10372526
10372613
10372673
10372686
10372716
10372716
10372723
10372726
10372738
10372892
10373003
10373034
10373165
10373169
10373292
10373436
10373471
10373591
10373812
10373900
10373913
10374164
10374212
10374243
10374277
10374309
10374411
10374452
10374752
10374844
10374895
10375139
10375143
10375188
10375284
10375307
10375351
10375556
10375578
10375714
10375821
10376027
10376101
10376187
10376339
10376525
10376598
10376764
10376882
10376931
10377001
10377021
10377061
10377102
10377202
10377204
10377268
10377307
10377381
10377393
10377489
10377562
10377586
10377959
10378303
10378412
10378601
10378824
10378882
10378967
10379115
10379147
10379159
10379202
10379240
10379245
10379545
10379558
10379643
10379783
10379790
10379840
10379881
10380194
10380197
10380201
10380363
10380546
10380635
10380833
10380885
10381395
10381547
10381596
10381614
10381628
10381649
10381814
10381867
10381880
10381890
10381916
10381922
10382065
10382118
10382212
10382254
10382416
10382461
10382468
10382483
10382523
10382622
10382755
10382801
10382964
10382967
10382981
10383198
10383417
10383590
10383665
10383682
10383704
10383816
10383828
10383984
10384036
10384049
10384170
10384220
10384243
10384352
10384390
10384488
10384731
10384807
10384862
10384906
10385039
10385046
10385166
10385194
10385227
10385249
10385488
10385897
10386075
10386209
10386430
10386437
10386588
10386655
10386829
10386897
10386930
10386967
10386977
10387008
10387073
10387202
10387222
10387342
10387444
10387522
10387556
10387557
10387641
10387759
10387789
10387835
10387921
10387947
10388047
10388118
10388238
10388379
10388489
10388498
10388622
10388665
10388736
10388741
10388757
10388759
10388781
10388790
10388990
10388992
10389047
10389149
10389271
10389313
10389351
10389355
10389363
10389372
10389443
10389475
10389605
10389667
10389697
10389790
10389959
10389971
10390040
10390075
10390086
10390128
10390169
10390263
10390391
10390492
10390692
10390727
10390739
10391000
10391163
10391217
10391376
10391519
10391531
10391603
10391611
10391622
10391843
10392028
10392036
10392068
10392078
10392105
10392180
10392193
10392232
10392381
10392403
10392462
10392462
10392599
10392728
10392739
10392914
10392937
10393232
10393315
10393428
10393502
10393516
10393531
10393552
10393861
10393930
10393972
10393999
10394057
10394064
10394076
10394163
10394220
10394358
10394382
10394520
10394722
10394801
10394853
10394868
10395072
10395192
10395227
10395229
10395513
10395573
10395607
10395626
10395675
10395679
10396211
10396393
10396492
10396609
10396664
10396754
10396917
10397012
10397018
10397315
10397374
10397414
10397414
10397484
10397662
10397767
10397784
10397791
10397820
10398112
10398214
10398313
10398457
10398532
10398570
10398834
10398860
10398861
10398900
10399065
10399152
10399182
10399280
10399281
10399344
10399384
10399583
10399623
10399643
10399727
10399730
10399761
10399853
10400372
10400424
10400455
10400648
10400742
10400817
10400909
10400980
10401057
10401113
10401381
10401414
10401476
10401483
10401498
10401570
10401886
10402080
10402081
10402307
10402350
10402466
10402662
10402811
10402927
10403171
10403330
10403412
10403417
10403467
10403492
10403498
10403598
10403654
10403891
10403935
10403985
10404125
10404244
10404306
10404376
10404394
10404459
10404513
10404519
10404527
10404601
10404790
10404912
10405138
10405166
10405214
10405276
10405332
10405335
10405360
10405484
10405521
10405532
10405574
10405776
10405849
10405884
10405995
10406035
10406094
10406232
10406269
10406330
10406364
10406438
10406634
10406761
10406786
10406793
10406886
10407094
10407103
10407134
10407141
10407296
10407323
10407354
10407360
10407696
10407791
10407860
10407902
10407907
10407980
10408129
10408139
10408161
10408202
10408263
10408278
10408365
10408430
10408446
10408557
10408717
10408799
10408855
10408942
10409021
10409074
10409080
10409223
10409247
10409320
10409382
10409489
10409605
10409793
10409831
10409855
10409885
10409995
10410236
10410371
10410387
10410599
10410629
10410841
10410920
10411209
10411263
10411353
10411438
10411449
10411487
10411592
10411604
10411628
10411628
10411716
10411766
10411814
10411815
10412359
10412444
10412489
10412742
10412871
10413165
10413231
10413476
10413624
10413800
10413831
10413844
10413887
10414090
10414172
10414217
10414258
10414264
10414309
10414368
10414440
10414464
10414543
10414624
10414668
10414835
10414908
10414972
10415131
10415149
10415195
10415339
10415362
10415388
10415391
10415479
10415495
10415551
10415571
10415684
10415695
10415703
10416000
10416024
10416044
10416142
10416255
10416452
10416567
10416585
10416778
10416795
10416813
10416880
10417063
10417127
10417149
10417386
10417458
10417468
10417469
10417470
10417479
10417580
10417663
10417668
10417695
10417711
10417898
10417928
10418046
10418057
10418115
10418154
10418328
10418348
10418361
10418494
10418572
10418871
10418928
10419050
10419442
10419535
10419601
10419665
10419690
10419942
10419963
10419984
10420006
10420166
10420176
10420232
10420233
10420245
10420312
10420334
10420433
10420462
10420537
10420611
10420661
10421200
10421204
10421311
10421338
10421382
10421500
10421517
10421564
10421770
10422109
10422131
10422227
10422343
10422457
10422496
10422595
10422661
10422695
10422701
10422823
10422942
10422952
10422989
10423030
10423138
10423227
10423237
10423308
10423378
10423418
10423490
10423552
10423554
10423835
10423882
10424022
10424136
10424230
10424318
10424334
10424368
10424429
10424443
10424445
10424445
10424542
10424613
10424639
10424647
10424748
10424988
10425122
10425178
10425220
10425233
10425417
10425528
10425658
10425702
10425741
10425767
10425768
10425939
10426024
10426030
10426122
10426163
10426324
10426330
10426705
10426709
10426999
10427062
10427228
10427260
10427337
10427370
10427378
10427398
10427416
10427426
10427436
10427466
10427478
10427531
10427599
10427607
10427723
10427972
10428019
10428105
10428308
10428315
10428533
10428631
10428714
10428871
10429075
10429138
10429263
10429265
10429369
10429526
10429538
10429558
10429609
10429622
10429747
10429752
10429936
10430128
10430202
10430220
10430266
10430316
10430335
10430349
10430418
10430435
10430532
10430659
10430674
10430695
10430814
10430909
10430911
10430995
10431000
10431022
10431025
10431294
10431309
10431499
10431657
10431673
10431830
10431895
10431919
10432163
10432364
10432424
10432492
10432609
10432641
10432812
10432813
10432962
10433048
10433059
10433060
10433310
10433438
10433443
10433618
10433652
10433724
10433782
10433840
10433917
10434002
10434138
10434172
10434366
10434395
10434588
10434694
10434713
10434739
10434840
10435011
10435032
10435051
10435075
10435223
10435240
10435271
10435324
10435375
10435418
10435465
10435481
10435500
10435774
10435831
10435860
10435939
10436011
10436032
10436057
10436098
10436261
10436392
10436439
10436455
10436491
10436951
10436957
10436986
10437081
10437099
10437598
10437642
10437673
10437834
10437933
10438038
10438070
10438090
10438118
10438309
10438628
10438778
10438961
10439181
10439266
10439347
10439418
10439473
10439499
10439841
10439850
10439862
10439879
10439937
10439942
10440037
10440045
10440126
10440274
10440282
10440383
10440539
10440765
10440838
10440919
10440974
10441061
10441378
10441478
10441669
10441809
10441844
10441956
10442537
10442693
10442773
10442830
10442893
10442900
10443135
10443280
10443288
10443328
10443504
10443575
10443674
10443805
10443975
10444034
10444050
10444089
10444092
10444099
10444408
10444433
10444435
10444448
10444549
10445058
10445214
10445309
10445350
10445428
10445447
10445483
10445516
10445594
10445807
10445849
10445911
10445924
10445983
10446062
10446142
10446202
10446285
10446503
10446552
10446605
10446678
10446718
10446771
10446858
10446933
10446940
10447063
10447115
10447188
10447208
10447223
10447362
10447402
10447450
10447604
10447686
10447693
10447693
10447896
10447999
10448014
10448143
10448180
10448222
10448841
10448842
10449267
10449304
10449389
10449486
10449533
10449577
10449839
10449993
10450138
10450275
10450364
10450377
10450401
10450437
10450465
10450527
10450561
10450602
10450628
10450648
10450728
10450732
10450868
10451216
10451221
10451303
10451340
10451431
10451632
10451946
10452029
10452307
10452364
10452439
10452551
10452607
10452820
10452838
10452855
10452941
10452986
10453063
10453269
10453393
10453411
10453414
10453456
10453530
10453582
10453627
10453646
10453717
10453746
10453914
10453927
10454030
10454249
10454286
10454332
10454353
10454362
10454402
10454482
10454536
10454548
10454614
10454637
10454710
10454765
10454807
10454840
10454875
10454875
10454982
10455113
10455211
10455235
10455275
10455366
10455441
10455496
10455507
10455687
10455875
10455963
10456046
10456116
10456245
10456326
10456518
10456581
10456615
10456686
10456746
10456822
10457086
10457168
10457176
10457197
10457235
10457299
10457416
10457459
10457479
10457562
10457570
10457695
10457972
10457979
10458042
10458057
10458180
10458210
10458269
10458276
10458425
10458641
10459327
10459391
10459429
10459496
10459557
10459560
10459595
10459599
10459630
10459779
10459835
10460411
10460416
10460465
10460602
10460621
10460699
10460714
10460786
10460829
10460980
10461011
10461012
10461048
10461071
10461138
10461282
10461402
10461648
10461687
10461724
10461827
10461839
10461948
10462137
10462164
10462421
10462464
10462488
10462594
10462676
10462724
10462837
10463012
10463243
10463255
10463464
10463482
10463593
10463617
10463670
10463775
10463829
10463918
10464055
10464057
10464206
10464210
10464324
10464362
10464489
10464501
10464521
10464590
10464666
10464721
10464814
10464990
10465018
10465103
10465239
10465274
10465534
10465583
10465600
10465607
10465672
10465679
10465741
10465839
10466118
10466132
10466161
10466203
10466282
10466635
10466656
10466659
10466833
10466844
10466905
10466975
10467146
10467177
10467248
10467273
10467289
10467308
10467315
10467366
10467429
10467612
10467768
10467820
10467843
10467855
10467977
10468123
10468141
10468209
10468262
10468530
10468539
10468550
10468614
10468688
10468702
10468703
10468839
10468909
10468918
10468969
10468999
10469167
10469368
10469477
10469725
10469781
10469806
10470023
10470023
10470130
10470146
10470354
10470364
10470398
10470458
10470561
10470571
10471046
10471112
10471180
10471356
10471399
10471470
10471586
10471708
10471827
10472115
10472174
10472302
10472386
10472572
10472749
10472792
10472855
10472882
10472899
10472914
10472919
10473048
10473297
10473850
10474047
10474085
10474245
10474315
10474697
10474706
10474865
10474937
10474982
10474987
10475006
10475021
10475102
10475409
10475537
10475569
10475700
10475909
10475918
10476165
10476458
10476526
10476543
10476549
10476552
10476624
10476678
10476753
10476921
10476937
10476946
10476947
10477121
10477187
10477267
10477337
10477468
10477475
10477563
10477577
10477758
10478143
10478268
10478315
10478457
10478487
10478610
10478838
10478912
10478921
10479016
10479127
10479297
10479367
10479490
10479629
10479780
10479871
10479872
10479988
10480009
10480047
10480075
10480077
10480159
10480232
10480261
10480360
10480413
10480507
10480622
10480657
10480896
10480963
10480982
10481051
10481064
10481108
10481154
10481311
10481338
10481553
10481561
10481652
10481695
10481747
10481782
10481802
10481876
10481921
10481979
10482124
10482283
10482294
10482297
10482346
10482350
10482366
10482500
10482507
10482667
10482670
10482716
10482788
10482808
10482852
10482945
10483069
10483248
10483412
10483565
10483608
10483680
10483819
10483825
10483865
10483873
10483931
10483939
10483991
10484013
10484054
10484153
10484232
10484292
10484300
10484340
10484371
10484578
10484616
10484633
10484823
10484951
10484988
10485247
10485297
10485365
10485425
10485472
10485738
10486024
10486041
10486079
10486125
10486205
10486301
10486411
10486460
10486540
10486669
10486887
10486892
10487148
10487167
10487202
10487274
10487275
10487355
10487390
10487396
10487438
10487439
10487543
10487568
10487812
10487877
10487976
10488450
10488550
10488555
10488575
10488732
10488900
10488908
10489014
10489109
10489124
10489199
10489204
10489299
10489358
10489408
10489539
10489565
10489577
10489591
10489602
10489682
10489745
10489773
10489975
10489987
10490048
10490061
10490094
10490113
10490150
10490154
10490207
10490251
10490296
10490320
10490466
10490605
10490684
10490893
10491013
10491176
10491190
10491325
10491326
10491348
10491432
10491574
10491619
10491726
10491765
10491874
10491892
10491904
10492062
10492084
10492237
10492271
10492353
10492476
10492519
10492563
10492667
10492807
10492913
10493050
10493221
10493268
10493290
10493457
10493502
10493614
10493647
10493760
10493888
10494029
10494101
10494185
10494291
10494508
10494735
10494825
10494852
10494904
10494943
10494973
10494986
10495042
10495134
10495158
10495194
10495410
10495592
10495700
10495745
10495882
10495988
10495995
10496002
10496096
10496122
10496286
10496439
10496653
10496670
10496771
10496842
10496898
10496926
10497047
10497073
10497196
10497203
10497391
10497517
10497805
10497946
10497966
10497982
10497995
10498370
10498377
10498600
10498791
10499120
10499200
10499276
10499311
10499398
10499410
10499543
10499567
10499645
10499873
10500032
10500112
10500226
10500263
10500292
10500492
10500655
10500660
10500716
10500754
10500803
10500921
10501111
10501168
10501201
10501235
10501288
10501302
10501340
10501352
10501372
10501386
10501555
10501672
10501756
10501816
10501883
10502006
10502069
10502101
10502110
10502221
10502258
10502268
10502320
10502324
10502338
10502954
10503035
10503303
10503304
10503413
10503418
10503665
10503868
10503921
10503969
10504173
10504195
10504401
10504405
10504599
10504607
10504613
10504673
10504715
10504885
10505012
10505043
10505443
10505489
10505521
10505530
10505670
10505756
10505801
10505898
10505920
10506183
10506336
10506389
10506500
10506618
10506828
10507140
10507140
10507187
10507252
10507308
10507578
10507618
10507706
10507719
10507736
10507769
10507813
10507856
10507871
10507871
10507903
10507963
10508059
10508066
10508069
10508104
10508144
10508287
10508334
10508394
10508631
10508812
10508858
10508890
10508960
10509006
10509071
10509094
10509175
10509321
10509353
10509422
10509442
10509466
10509497
10509550
10509573
10509604
10509626
10509659
10509707
10509884
10509945
10510156
10510219
10510400
10510494
10510526
10510628
10510886
10510961
10510965
10511063
10511100
10511130
10511178
10511228
10511295
10511321
10511441
10511539
10511762
10511826
10511829
10511840
10511888
10511895
10511967
10511975
10512006
10512037
10512057
10512146
10512200
10512208
10512276
10512302
10512406
10512485
10512504
10512557
10512665
10512685
10512826
10512941
10512977
10513000
10513309
10513408
10513430
10513534
10513591
10513621
10513830
10513832
10513888
10513912
10514094
10514120
10514155
10514170
10514179
10514423
10514544
10514831
10514840
10514903
10515056
10515094
10515147
10515151
10515306
10515386
10515436
10515506
10515638
10515679
10515742
10515896
10515914
10515987
10515991
10516037
10516212
10516330
10516506
10516526
10516548
10516574
10516609
10516811
10517050
10517244
10517360
10517482
10517688
10517808
10517960
10518064
10518066
10518261
10518283
10518303
10518359
10518432
10518500
10518565
10518585
10518644
10518747
10518751
10518802
10518873
10518894
10518965
10519027
10519030
10519040
10519081
10519103
10519197
10519315
10519355
10519575
10519667
10519671
10519688
10519742
10519981
10520104
10520117
10520352
10520421
10520755
10520756
10520798
10520914
10521024
10521026
10521033
10521137
10521215
10521462
10521484
10521630
10521838
10521839
10522111
10522619
10522657
10522677
10522779
10522869
10522967
10523040
10523095
10523123
10523127
10523130
10523196
10523220
10523291
10523332
10523350
10523442
10523454
10523457
10523511
10523606
10523762
10523793
10523805
10524039
10524066
10524068
10524185
10524189
10524189
10524490
10524876
10524959
10525071
10525106
10525157
10525167
10525191
10525228
10525297
10525346
10525408
10525608
10525617
10525744
10525872
10525914
10525955
10525961
10526010
10526042
10526067
10526160
10526189
10526294
10526296
10526303
10526337
10526352
10526363
10526457
10526538
10526623
10526857
10526940
10527028
10527064
10527073
10527125
10527126
10527368
10527408
10527475
10527542
10527574
10527799
10527871
10527881
10528035
10528120
10528212
10528244
10528309
10528338
10528536
10528650
10528701
10528761
10528796
10529111
10529112
10529161
10529341
10529448
10529463
10529482
10529500
10529548
10529636
10529735
10529905
10529964
10530033
10530081
10530083
10530123
10530162
10530318
10530414
10530524
10530688
10530731
10530799
10530918
10531011
10531122
10531236
10531277
10531299
10531329
10531474
10531533
10531608
10531635
10531656
10531756
10531856
10532108
10532187
10532249
10532436
10532471
10532488
10532584
10532586
10532843
10532915
10533025
10533047
10533057
10533080
10533445
10533466
10533499
10533595
10533649
10533782
10533889
10533961
10534051
10534053
10534059
10534084
10534186
10534319
10534405
10534482
10534546
10534546
10534675
10534704
10534777
10534863
10534873
10534924
10535008
10535301
10535332
10535424
10535590
10535592
10535630
10535632
10535788
10535955
10536415
10536442
10536552
10536603
10536647
10536657
10536658
10536958
10536992
10537126
10537126
10537175
10537220
10537232
10537390
10537467
10537577
10537724
10537759
10538113
10538117
10538119
10538201
10538362
10538379
10538394
10538440
10538679
10538760
10538915
10538989
10539095
10539139
10539155
10539315
10539409
10540051
10540121
10540169
10540185
10540218
10540219
10540320
10540337
10540622
10540681
10540725
10540727
10540740
10540758
10540879
10540943
10541109
10541163
10541214
10541235
10541375
10541479
10541653
10541661
10541776
10542018
10542180
10542263
10542440
10542450
10542492
10542616
10542631
10542664
10542667
10542703
10542704
10542728
10542789
10542990
10543170
10543203
10543304
10543311
10543311
10543319
10543411
10543423
10543445
10543457
10543476
10543581
10543714
10543733
10543768
10543797
10543809
10543814
10543869
10543873
10543920
10543976
10544065
10544217
10544225
10544239
10544292
10544302
10544386
10544409
10544528
10544560
10544576
10544688
10544688
10544894
10544968
10544975
10544981
10545191
10545231
10545298
10545391
10545431
10545434
10545552
10545580
10545684
10545685
10545906
10546016
10546016
10546145
10546340
10546361
10546560
10546623
10546661
10546805
10546870
10546949
10547133
10547135
10547164
10547211
10547312
10547452
10547455
10547591
10547753
10547899
10547965
10547983
10548064
10548348
10548491
10548690
10548703
10548719
10548932
10548961
10548980
10549010
10549183
10549197
10549426
10549900
10550121
10550157
10550240
10550363
10550367
10550581
10550581
10550603
10550683
10550703
10551071
10551089
10551152
10551188
10551265
10551328
10551366
10551369
10551372
10551466
10551577
10551845
10551901
10551999
10552198
10552202
10552254
10552398
10552542
10552803
10552840
10553030
10553100
10553184
10553196
10553439
10553444
10553490
10553871
10553988
10553989
10554169
10554205
10554215
10554263
10554282
10554393
10554618
10554622
10554679
10554691
10554694
10554910
10554966
10555002
10555104
10555203
10555304
10555476
10555512
10555528
10555541
10555600
10555731
10556321
10556457
10556550
10556656
10556720
10556805
10557066
10557092
10557199
10557216
10557285
10557345
10557472
10557639
10557659
10557762
10557799
10557802
10557922
10558108
10558197
10558276
10558399
10558506
10558575
10558630
10558685
10558727
10558898
10558933
10559071
10559132
10559136
10559214
10559262
10559383
10559387
10559430
10559726
10559759
10559911
10559916
10560005
10560044
10560079
10560158
10560181
10560201
10560463
10560517
10560741
10560783
10560837
10560920
10561007
10561090
10561156
10561216
10561390
10561480
10561581
10561599
10561744
10561833
10561880
10561951
10562001
10562031
10562306
10562437
10562496
10562614
10562655
10562978
10563198
10563255
10563287
10563382
10563422
10563474
10563612
10563627
10563723
10563740
10563785
10563982
10564129
10564200
10564480
10564542
10564578
10564781
10564833
10564927
10565018
10565031
10565160
10565169
10565220
10565296
10565297
10565351
10565398
10565417
10565698
10565777
10565974
10566014
10566061
10566230
10566251
10566263
10566377
10566424
10566475
10566588
10566600
10566645
10566718
10566773
10566812
10566862
10566898
10567031
10567099
10567100
10567189
10567352
10567454
10567562
10567588
10567639
10567687
10567738
10567914
10568042
10568209
10568215
10568234
10568235
10568307
10568324
10568340
10568346
10568400
10568436
10568464
10568656
10568678
10568713
10568841
10568852
10568884
10568897
10568916
10569072
10569095
10569148
10569179
10569228
10569292
10569331
10569347
10569395
10569548
10569606
10569696
10569698
10569813
10570224
10570355
10570368
10570389
10570394
10570419
10570437
10570544
10570556
10570572
10570590
10570719
10570848
10570922
10570938
10570953
10571021
10571087
10571128
10571251
10571417
10571558
10571605
10571838
10571855
10572069
10572306
10572311
10572396
10572476
10572608
10572723
10572862
10572897
10572971
10573023
10573243
10573337
10573466
10573496
10573563
10573581
10573599
10573632
10573679
10573844
10573904
10574037
10574060
10574125
10574163
10574238
10574307
10574697
10574744
10574769
10574885
10574936
10575315
10575340
10575374
10575417
10575548
10575650
10575665
10575800
10575828
10575977
10575999
10576054
10576065
10576165
10576188
10576319
10576375
10576389
10576493
10576547
10576789
10576907
10577235
10577378
10577486
10577604
10577645
10577653
10577888
10577931
10577933
10577960
10577968
10578087
10578195
10578387
10578930
10578963
10578965
10578991
10579087
10579102
10579129
10579148
10579209
10579256
10579307
10579370
10579402
10579484
10579863
10580499
10580642
10580790
10580881
10581164
10581263
10581277
10581339
10581438
10581479
10581521
10581526
10581607
10581658
10581817
10582253
10582351
10582364
10582379
10582394
10582440
10582518
10582739
10582804
10582987
10583009
10583251
10583335
10583472
10583620
10583649
10583914
10583946
10583974
10584000
10584113
10584318
10584330
10584359
10584360
10584404
10584673
10584676
10584789
10584805
10585226
10585297
10585319
10585351
10585361
10585380
10585421
10585523
10585551
10585571
10585681
10585735
10585808
10586051
10586096
10586385
10586502
10586521
10586542
10586589
10586664
10586693
10586696
10586722
10586774
10586818
10587162
10587452
10587525
10587576
10587842
10587999
10588022
10588104
10588133
10588225
10588480
10588590
10588673
10589118
10589133
10589148
10589490
10589571
10589572
10590050
10590096
10590130
10590214
10590232
10590320
10590552
10590609
10590742
10590752
10590972
10591084
10591179
10591212
10591240
10591240
10591360
10591410
10591680
10592102
10592144
10592242
10592294
10592340
10592356
10592459
10592462
10592559
10592672
10592697
10592929
10593031
10593055
10593211
10593501
10593506
10593510
10593796
10593961
10594057
10594072
10594150
10594237
10594240
10594349
10594704
10594845
10594864
10594924
10594945
10595145
10595215
10595278
10595363
10595389
10595460
10595559
10595654
10595884
10595927
10596354
10596363
10596475
10596540
10596661
10596815
10596911
10596936
10597095
10597477
10597696
10597722
10597806
10597833
10597897
10598086
10598342
10598600
10598622
10598704
10598752
10598795
10599045
10599117
10599145
10599294
10599462
10599554
10599571
10599641
10599805
10599810
10599899
10599973
10600007
10600025
10600438
10600459
10600554
10600649
10600814
10600871
10600961
10601161
10601344
10601365
10601511
10601513
10601646
10601713
10601724
10601823
10601877
10601906
10601938
10602075
10602247
10602265
10602393
10602538
10602597
10602628
10602631
10602893
10602961
10603077
10603123
10603208
10603428
10603449
10603795
10603944
10603968
10604116
10604397
10604629
10604983
10605003
10605182
10605389
10605470
10605538
10605571
10605656
10605756
10605766
10605841
10606171
10606200
10606320
10606365
10606460
10606559
10606598
10606618
10606647
10606689
10606805
10606900
10607041
10607078
10607281
10607284
10607337
10607349
10607356
10607435
10607458
10607477
10607483
10607560
10607594
10607672
10607777
10607781
10607805
10607919
10607943
10607953
10608061
10608128
10608182
10608340
10608349
10608367
10608374
10608437
10608637
10608686
10608690
10608730
10608733
10608824
10608875
10608887
10609007
10609009
10609072
10609090
10609166
10609197
10609235
10609255
10609338
10609425
10609516
10609709
10609725
10609749
10609826
10610052
10610058
10610155
10610178
10610255
10610581
10610671
10610716
10610761
10610789
10610823
10610859
10610948
10610969
10611118
10611127
10611130
10611336
10611357
10611396
10611405
10611448
10611634
10611777
10611831
10611998
10612108
10612108
10612157
10612180
10612180
10612227
10612285
10612456
10612467
10612481
10612585
10612678
10612709
10612776
10612833
10612992
10613001
10613052
10613080
10613133
10613289
10613615
10613786
10613959
10614068
10614163
10614256
10614318
10614341
10614376
10614388
10614389
10614439
10614571
10614702
10614736
10614769
10614911
10615001
10615062
10615073
10615079
10615219
10615461
10615560
10615703
10615947
10616058
10616300
10616540
10616606
10616811
10616893
10616898
10617241
10617457
10617575
10617589
10617594
10617595
10617636
10617684
10617766
10617811
10617892
10618089
10618155
10618161
10618234
10618435
10618440
10618471
10618568
10618592
10618632
10618729
10618884
10618888
10619246
10619432
10619446
10619480
10619524
10619531
10619555
10619614
10619655
10619732
10619744
10619861
10619909
10620010
10620171
10620479
10620552
10620657
10620919
10620931
10621039
10621105
10621134
10621147
10621149
10621258
10621358
10621400
10621643
10621869
10621888
10621970
10621971
10621995
10622035
10622089
10622338
10622371
10622599
10622611
10622716
10622727
10622939
10622995
10623037
10623042
10623448
10623531
10623557
10623603
10623646
10623758
10623787
10623845
10623918
10624125
10624127
10624134
10624160
10624185
10624185
10624355
10624400
10624506
10624555
10624577
10624616
10624619
10624845
10624870
10624895
10624921
10625009
10625053
10625078
10625079
10625154
10625172
10625278
10625300
10625423
10625449
10625480
10625614
10625643
10625732
10625792
10625872
10625978
10626058
10626092
10626165
10626230
10626341
10626359
10626371
10626414
10626471
10626493
10626497
10626614
10626631
10626746
10627117
10627163
10627289
10627315
10627406
10627566
10627591
10627814
10627837
10628171
10628290
10628366
10628494
10628531
10628619
10628624
10628750
10628756
10628881
10628903
10628907
10629050
10629095
10629163
10629342
10629355
10629550
10629570
10629797
10629862
10629943
10629981
10630109
10630187
10630213
10630215
10630222
10630244
10630364
10630388
10630501
10630591
10630636
10630690
10630769
10630866
10631130
10631321
10631582
10631848
10631848
10631975
10631989
10632111
10632248
10632251
10632368
10632473
10632605
10632632
10632639
10632794
10632800
10632840
10632926
10633068
10633070
10633199
10633405
10633418
10633455
10633477
10633506
10633566
10633578
10633642
10633742
10633747
10633834
10633878
10633903
10633922
10633976
10634070
10634094
10634171
10634191
10634286
10634299
10634433
10634638
10634923
10634949
10635150
10635266
10635335
10635582
10635627
10635703
10635906
10635987
10636139
10636149
10636231
10636284
10636287
10636293
10636313
10636412
10636433
10636469
10636571
10636574
10636685
10636711
10636793
10636863
10636924
10636983
10637160
10637224
10637332
10637337
10637523
10637769
10637881
10638052
10638060
10638100
10638153
10638312
10638332
10638363
10638414
10638454
10638466
10638568
10638654
10638734
10638973
10638974
10639003
10639114
10639170
10639267
10639568
10639608
10639675
10639707
10639740
10639756
10639823
10639888
10639951
10639967
10640003
10640092
10640188
10640246
10640259
10640300
10640468
10641003
10641020
10641177
10641178
10641228
10641306
10641451
10641470
10641523
10641563
10641591
10641608
10641712
10641739
10642304
10642340
10642377
10642508
10642604
10642701
10642751
10642751
10642785
10642849
10642895
10643002
10643043
10643174
10643268
10643284
10643319
10643386
10643480
10643520
10643594
10643594
10643644
10643645
10644001
10644068
10644280
10644568
10644687
10644687
10644736
10644740
10644899
10645106
10645215
10645375
10645508
10645574
10645663
10645835
10646182
10646343
10646351
10646435
10646511
10646529
10646531
10646650
10646763
10647077
10647119
10647428
10647448
10647489
10647552
10647628
10647669
10647788
10647805
10647838
10647909
10647989
10648071
10648529
10648576
10648673
10648709
10648736
10648919
10648935
10649053
10649163
10649211
10649254
10649285
10649401
10649428
10649459
10649473
10649506
10649919
10649937
10650086
10650145
10650187
10650332
10650362
10650394
10650478
10650505
10650525
10650649
10650785
10650799
10651097
10651364
10651505
10651578
10651682
10651948
10652160
10652160
10652452
10652610
10652716
10652721
10652869
10652875
10652995
10653048
10653350
10653389
10653768
10653774
10653807
10654057
10654088
10654173
10654401
10654559
10654702
10654721
10654747
10654831
10654984
10655106
10655228
10655399
10655416
10655543
10655585
10655640
10655697
10655929
10656029
10656428
10656447
10656473
10656523
10656617
10657075
10657130
10657205
10657220
10657259
10657335
10657641
10657649
10657694
10657713
10657720
10657728
10657731
10657799
10657848
10657870
10657876
10657918
10658122
10658147
10658257
10658347
10658360
10658447
10658631
10658775
10658804
10658899
10658950
10659151
10659164
10659342
10659426
10659572
10659647
10659823
10659825
10660001
10660053
10660060
10660237
10660282
10660283
10660411
10660491
10660536
10660599
10660743
10661059
10661178
10661195
10661208
10661254
10661373
10661396
10661397
10661482
10661533
10661566
10661706
10661917
10662312
10662323
10662514
10662517
10662963
10662987
10663092
10663189
10663232
10663502
10663648
10663688
10663936
10664012
10664071
10664084
10664099
10664118
10664193
10664216
10664229
10664233
10664254
10664280
10664356
10664422
10664456
10664549
10664588
10664706
10664727
10664732
10664737
10664739
10664878
10664908
10665110
10665143
10665197
10665211
10665215
10665247
10665281
10665340
10665491
10665625
10665636
10665656
10665686
10665724
10665741
10665742
10665975
10666118
10666193
10666222
10666228
10666229
10666266
10666379
10666423
10666472
10666554
10666627
10666651
10666651
10666740
10666777
10666800
10667003
10667009
10667117
10667154
10667187
10667442
10667518
10667523
10667575
10667728
10667938
10667968
10667974
10668070
10668077
10668094
10668162
10668187
10668203
10668207
10668385
10668538
10668593
10668606
10668618
10668637
10668660
10668725
10668985
10669336
10669610
10669804
10669888
10669923
10670029
10670091
10670107
10670157
10670392
10670683
10670768
10670809
10670814
10670851
10670852
10670861
10670942
10671060
10671139
10671160
10671442
10671519
10671531
10671653
10671717
10671846
10671847
10671854
10671898
10672005
10672021
10672026
10672284
10672400
10672412
10672416
10672514
10672588
10672848
10673016
10673023
10673036
10673150
10673152
10673307
10673345
10673474
10673522
10673527
10673918
10674221
10674222
10674275
10674318
10674376
10674465
10674526
10674629
10674706
10674825
10674835
10674928
10674928
10674950
10674974
10675000
10675060
10675146
10675324
10675418
10675553
10675693
10675711
10675725
10675742
10675775
10675869
10676021
10676026
10676035
10676055
10676089
10676092
10676120
10676217
10676269
10676282
10676311
10676377
10676386
10676443
10676754
10676989
10677003
10677128
10677244
10677250
10677365
10677375
10677407
10677426
10677488
10677585
10677738
10677748
10678088
10678098
10678451
10678453
10678459
10678465
10678471
10678503
10678535
10678594
10678736
10678847
10678928
10678943
10679203
10679245
10679310
10679541
10679588
10679754
10679808
10679869
10679878
10680010
10680205
10680304
10680315
10680340
10680459
10680530
10680610
10680648
10680746
10680870
10680879
10680880
10680919
10680948
10680979
10681130
10681154
10681160
10681371
10681439
10681521
10681588
10681778
10681795
10681902
10681932
10681936
10682201
10682262
10682283
10682394
10682441
10682584
10682759
10682883
10683082
10683192
10683242
10683249
10683320
10683430
10683441
10683499
10683832
10683900
10684055
10684074
10684211
10684339
10684358
10684395
10684460
10684659
10684678
10684760
10684798
10684873
10685027
10685056
10685062
10685219
10685224
10685225
10685234
10685435
10685440
10685523
10685536
10685663
10685874
10686125
10686142
10686196
10686347
10686420
10686543
10686564
10686585
10686842
10686958
10686969
10687041
10687121
10687163
10687183
10687262
10687389
10687556
10687567
10687583
10687630
10687632
10687737
10687758
10687794
10687848
10687912
10687972
10688238
10688246
10688349
10688388
10688552
10688613
10688665
10688851
10688912
10689023
10689113
10689121
10689311
10689320
10689350
10689481
10689582
10689619
10689621
10689691
10689695
10689770
10689795
10689925
10689969
10690025
10690107
10690118
10690251
10690347
10690843
10690891
10690969
10690981
10691114
10691142
10691216
10691238
10691330
10691389
10691440
10691487
10691604
10691694
10691710
10691743
10691782
10691923
10692025
10692094
10692151
10692172
10692272
10692369
10692529
10692550
10692591
10692799
10692802
10692829
10692951
10692977
10693193
10693309
10693478
10693503
10693519
10693583
10693648
10694141
10694179
10694199
10694272
10694540
10694742
10694841
10695003
10695219
10695220
10695305
10695365
10695433
10695497
10695503
10695532
10695548
10695614
10695681
10695700
10695819
10695915
10695936
10696005
10696104
10696177
10696241
10696307
10696331
10696346
10696490
10696498
10696731
10696847
10696987
10697215
10697247
10697635
10697681
10697757
10697815
10697870
10698020
10698039
10698216
10698232
10698256
10698341
10698428
10698569
10698671
10698691
10698786
10698885
10698930
10699116
10699248
10699417
10699469
10699526
10699641
10700110
10700198
10700300
10700426
10700513
10700531
10700543
10700561
10700598
10700633
10700716
10700888
10700960
10701071
10701199
10701301
10701362
10701388
10701393
10701483
10701607
10701634
10701735
10701831
10701936
10701950
10702032
10702043
10702062
10702110
10702148
10702179
10702251
10702298
10702320
10702323
10702397
10702408
10702505
10702516
10702518
10702866
10702867
10703009
10703151
10703154
10703187
10703232
10703270
10703291
10703379
10703481
10703610
10703776
10703779
10703876
10703990
10703992
10704004
10704053
10704150
10704153
10704253
10704364
10704368
10704441
10704464
10704466
10704470
10704589
10704681
10704683
10704805
10704871
10704976
10705010
10705090
10705130
10705176
10705333
10705360
10705414
10705647
10705711
10705780
10705846
10705873
10705986
10706149
10706273
10706422
10706455
10706535
10706558
10706618
10706645
10706840
10707065
10707199
10707227
10707233
10707329
10707404
10707424
10707482
10707497
10707556
10707606
10707702
10707784
10707972
10708032
10708214
10708356
10708489
10708739
10708981
10709213
10709282
10709306
10709374
10709467
10709573
10709690
10709915
10709976
10710118
10710123
10710181
10710237
10710454
10710608
10710802
10710887
10710977
10711004
10711073
10711178
10711326
10711331
10711380
10711456
10711490
10711491
10711584
10711702
10711757
10712021
10712060
10712817
10712943
10713016
10713118
10713146
10713225
10713279
10713394
10713468
10713645
10713782
10713794
10713900
10713944
10714066
10714129
10714220
10714263
10714300
10714308
10714404
10714486
10714722
10714747
10714772
10714807
10714919
10714939
10715110
10715321
10715332
10715463
10715469
10715582
10715646
10715939
10715951
10716008
10716038
10716044
10716093
10716161
10716321
10716328
10716358
10716414
10716438
10716648
10716750
10716849
10716910
10717072
10717152
10717178
10717334
10717520
10717997
10718034
10718094
10718256
10718275
10718303
10718430
10718669
10718942
10719047
10719231
10719335
10719459
10719464
10719530
10719544
10719547
10720046
10720431
10720454
10720461
10720482
10720493
10720499
10720630
10720807
10720902
10721127
10721185
10721346
10721356
10721405
10721658
10721706
10721841
10721871
10721874
10721878
10722062
10722178
10722191
10722275
10722357
10722545
10722601
10722601
10722625
10722805
10722817
10722850
10722908
10722968
10723026
10723043
10723057
10723212
10723247
10723311
10723315
10723391
10723415
10723463
10723516
10723559
10723564
10723571
10723585
10723616
10723705
10723715
10723736
10723770
10723863
10723976
10724187
10724221
10724336
10724455
10724667
10725065
10725350
10725364
10725439
10725486
10725550
10725557
10725827
10725892
10725897
10726116
10726171
10726478
10726621
10726728
10726775
10726796
10726822
10726828
10726922
10727029
10727175
10727506
10727546
10727608
10727670
10727775
10727895
10727897
10728010
10728019
10728029
10728295
10728342
10728385
10728535
10728538
10728569
10728624
10728699
10728769
10728775
10728780
10728808
10728822
10728991
10729106
10729190
10729215
10729221
10729434
10729491
10729510
10729620
10729690
10729783
10729787
10729880
10729989
10730042
10730113
10730156
10730767
10730859
10730859
10730862
10730914
10731048
10731124
10731178
10731401
10731441
10731490
10731545
10731557
10731577
10731589
10731605
10731642
10731855
10731956
10732137
10732165
10732283
10732381
10732678
10732763
10732866
10732933
10733098
10733099
10733272
10733385
10733490
10733641
10733784
10734012
10734041
10734248
10734277
10734690
10734698
10734745
10735010
10735189
10735412
10735603
10735825
10735829
10735998
10736037
10736097
10736191
10736317
10736372
10736426
10736493
10736508
10736598
10736749
10736873
10736916
10736998
10737021
10737025
10737042
10737082
10737223
10737359
10737376
10737457
10737658
10737698
10737918
10738017
10738064
10738280
10738324
10738329
10738471
10738593
10738594
10738684
10738707
10738755
10738790
10738800
10738832
10738949
10738994
10739038
10739060
10739455
10739462
10739473
10739593
10739672
10739681
10739842
10739882
10739939
10740032
10740203
10740233
10740447
10740569
10740606
10740825
10740853
10740860
10740941
10741003
10741389
10741425
10741465
10741472
10741541
10741552
10741583
10741664
10741942
10741995
10742153
10742260
10742264
10742332
10742347
10742416
10742522
10742564
10742583
10742603
10742630
10742695
10742724
10742776
10743196
10743603
10744071
10744217
10744416
10744435
10744487
10744497
10744515
10744815
10744823
10744829
10745108
10745159
10745164
10745276
10745292
10745487
10745671
10745942
10745949
10745978
10746090
10746137
10746245
10746319
10746488
10746491
10746849
10747015
10747020
10747255
10747272
10747325
10747367
10747483
10747600
10747616
10747671
10747921
10748133
10748268
10748278
10748320
10748475
10748754
10748817
10748880
10748957
10748969
10748984
10749070
10749111
10749166
10749236
10749387
10749490
10749517
10749560
10749579
10749603
10749785
10749847
10750009
10750127
10750154
10750245
10750276
10750291
10750323
10750351
10750431
10750561
10750702
10750824
10750927
10750934
10750935
10751000
10751062
10751076
10751112
10751221
10751252
10751273
10751511
10751546
10751620
10751657
10751666
10752103
10752230
10752300
10752481
10752608
10752676
10752701
10752800
10752917
10753028
10753102
10753116
10753126
10753181
10753185
10753349
10753378
10753458
10753528
10753530
10753554
10753630
10753681
10753726
10753756
10753759
10753848
10753869
10753972
10754062
10754194
10754263
10754267
10754545
10754740
10755054
10755332
10755333
10755343
10755359
10755539
10755557
10755606
10755647
10755668
10755771
10755817
10755844
10755892
10756006
10756034
10756194
10756390
10756433
10756599
10756641
10756684
10756878
10757019
10757047
10757080
10757197
10757218
10757310
10757390
10757391
10757419
10757456
10757510
10757948
10757959
10758003
10758119
10758330
10758355
10758359
10758443
10758519
10758588
10758657
10758674
10758731
10758862
10758988
10759006
10759132
10759202
10759293
10759320
10759615
10759697
10759728
10759821
10760036
10760072
10760084
10760092
10760201
10760281
10760406
10760451
10760514
10760573
10760596
10760640
10760701
10760720
10761009
10761055
10761207
10761240
10761275
10761504
10761528
10761557
10761618
10761774
10761780
10761840
10761877
10762097
10762136
10762148
10762307
10762424
10762465
10762484
10762504
10762573
10762652
10762663
10762836
10762913
10763235
10763251
10763324
10763457
10763651
10763695
10763722
10763753
10763863
10763868
10763977
10763993
10764061
10764065
10764288
10764312
10764391
10764584
10764598
10764815
10764862
10764901
10764974
10765015
10765072
10765169
10765234
10765381
10765576
10765623
10765706
10765943
10765988
10766050
10766189
10766325
10766368
10766407
10766432
10766609
10766643
10766672
10766945
10767006
10767158
10767224
10767332
10767402
10767537
10767614
10767713
10767799
10767875
10767908
10767939
10767941
10767967
10768021
10768022
10768080
10768136
10768220
10768338
10768404
10768455
10768561
10768562
10768620
10768647
10768696
10768825
10768882
10769029
10769072
10769359
10769405
10769429
10769454
10769579
10769641
10769753
10769779
10769855
10769954
10769983
10770033
10770073
10770111
10770183
10770190
10770332
10770390
10770428
10770451
10770576
10770584
10770658
10770852
10771055
10771069
10771103
10771203
10771208
10771252
10771275
10771639
10771704
10771758
10771803
10771901
10771968
10771997
10772262
10772272
10772389
10772399
10772540
10772653
10772699
10772704
10772712
10772800
10772812
10772877
10772885
10772980
10773006
10773014
10773053
10773151
10773151
10773174
10773191
10773287
10773657
10773676
10773693
10773707
10773755
10773770
10773811
10773834
10773973
10774047
10774298
10774301
10774650
10774947
10775258
10775363
10775451
10775512
10775582
10775710
10775842
10775848
10775904
10775916
10775937
10775962
10775963
10775989
10775991
10776056
10776172
10776185
10776210
10776215
10776257
10776287
10776441
10776492
10776515
10776545
10776808
10776970
10777145
10777288
10777305
10777343
10777422
10777515
10777549
10777600
10777648
10777744
10777750
10777757
10777923
10778119
10778240
10778523
10778576
10778668
10778940
10779007
10779166
10779172
10779261
10779297
10779407
10779421
10779450
10779456
10779584
10779776
10779977
10780043
10780079
10780141
10780521
10780663
10780840
10780842
10781030
10781182
10781465
10781497
10781509
10781527
10781666
10781814
10782004
10782008
10782077
10782077
10782148
10782189
10782196
10782467
10782471
10783054
10783183
10783333
10783716
10783866
10783906
10783992
10784026
10784158
10784270
10784337
10784372
10784447
10784476
10784532
10784667
10784774
10784804
10784892
10784974
10785067
10785096
10785114
10785138
10785183
10785219
10785280
10785333
10785350
10785514
10785556
10785725
10786109
10786168
10786218
10786235
10786250
10786255
10786324
10786435
10786537
10786562
10786720
10786960
10787003
10787155
10787167
10787402
10787416
10787448
10787525
10787761
10787792
10787858
10788029
10788042
10788092
10788246
10788378
10788393
10788509
10788619
10788624
10788675
10788718
10788739
10788768
10788856
10788865
10788923
10789026
10789086
10789103
10789134
10789225
10789229
10789290
10789294
10789383
10789448
10789486
10789515
10789588
10789682
10789868
10790000
10790009
10790052
10790061
10790123
10790207
10790290
10790291
10790306
10790342
10790389
10790555
10790662
10790668
10790784
10790788
10790795
10790846
10790941
10791125
10791306
10791554
10791618
10791644
10791694
10791697
10791703
10791735
10791839
10791917
10791999
10792088
10792349
10792359
10792415
10792435
10792650
10792726
10792779
10792789
10792814
10793072
10793204
10793262
10793314
10793359
10793387
10793392
10793525
10793832
10794035
10794159
10794173
10794173
10794190
10794361
10794395
10794425
10794710
10794766
10794775
10794802
10794937
10795016
10795041
10795133
10795168
10795190
10795238
10795345
10795353
10795411
10795558
10795720
10795797
10795877
10795885
10795898
10796346
10796362
10796444
10796517
10796553
10796737
10796802
10796920
10796944
10797009
10797078
10797121
10797210
10797303
10797471
10797477
10797480
10797561
10797572
10797806
10798064
10798089
10798377
10798407
10798609
10798687
10798794
10798940
10798955
10798991
10799075
10799188
10799420
10799673
10799719
10799835
10799897
10799925
10799933
10799955
10799997
10800015
10800494
10800557
10800849
10800860
10800902
10800983
10801226
10801279
10801438
10801589
10801604
10801640
10801832
10801868
10802009
10802021
10802459
10802536
10802552
10802699
10803072
10803106
10803107
10803214
10803216
10803254
10803677
10803695
10803866
10804168
10804217
10804251
10804297
10804396
10804431
10804460
10804495
10804594
10804675
10804795
10804804
10804949
10805103
10805172
10805232
10805242
10805307
10805361
10805662
10805743
10805808
10805901
10806073
10806148
10806237
10806394
10806440
10806442
10806470
10806529
10806625
10806770
10806786
10806797
10806830
10806850
10806932
10806972
10807063
10807115
10807238
10807255
10807290
10807366
10807370
10807374
10807681
10807760
10807761
10807846
10808007
10808168
10808182
10808394
10808412
10808543
10808575
10808577
10808624
10808784
10808788
10808836
10808854
10808944
10808956
10808983
10809116
10809170
10809254
10809300
10809303
10809326
10809457
10809458
10809492
10809555
10809652
10809808
10810075
10810117
10810183
10810236
10810291
10810381
10810462
10810840
10810961
10811040
10811133
10811199
10811436
10811724
10811949
10811976
10811980
10812184
10812237
10812339
10812355
10812396
10812662
10812716
10812859
10813030
10813118
10813219
10813271
10813317
10813340
10813357
10813402
10813454
10813488
10813702
10813912
10813934
10813996
10814149
10814305
10814316
10814344
10814367
10814392
10814511
10814611
10814844
10815055
10815172
10815177
10815315
10815499
10815520
10815729
10815731
10815841
10815928
10815937
10816005
10816186
10816293
10816564
10816694
10816824
10816824
10816940
10817183
10817461
10817589
10817630
10817750
10817777
10817973
10818139
10818175
10818305
10818412
10818629
10818703
10818744
10818744
10818750
10818758
10818795
10818817
10818883
10818992
10819040
10819160
10819289
10819339
10819372
10819450
10819564
10819813
10820013
10820070
10820163
10820244
10820305
10820333
10820363
10820392
10820392
10820487
10820608
10820785
10820815
10820860
10821002
10821222
10821290
10821527
10821530
10821540
10821860
10821941
10821954
10821967
10822048
10822331
10822646
10822727
10822907
10823093
10823236
10823478
10823538
10823588
10823728
10823736
10823736
10823774
10823912
10823954
10823976
10824067
10824162
10824169
10824733
10824769
10824785
10824819
10824995
10825043
10825075
10825108
10825120
10825176
10825194
10825265
10825387
10825423
10825430
10825493
10825530
10825593
10825797
10825819
10825936
10826043
10826089
10826130
10826164
10826172
10826194
10826403
10826562
10826580
10826701
10826920
10827196
10827330
10827356
10827461
10827691
10827699
10827703
10828084
10828119
10828468
10828719
10828811
10828830
10828899
10829149
10829216
10829247
10829336
10829360
10829496
10829576
10829743
10829880
10830009
10830014
10830095
10830134
10830143
10830222
10830496
10830668
10830697
10830854
10831056
10831248
10831360
10831402
10831478
10831487
10831608
10831940
10832080
10832146
10832210
10832249
10832264
10832492
10832529
10832559
10832641
10832690
10832824
10832865
10832926
10833109
10833443
10833565
10833713
10833799
10834113
10834161
10834220
10834234
10834358
10834382
10834496
10834589
10834592
10834645
10834768
10834897
10834932
10835079
10835724
10835867
10835875
10835909
10835959
10836050
10836099
10836138
10836237
10836276
10836399
10836425
10836464
10836532
10836797
10836861
10837018
10837116
10837155
10837211
10837388
10837573
10837659
10837691
10837843
10837860
10837889
10837985
10838027
10838091
10838165
10838181
10838203
10838215
10838229
10838234
10838314
10838341
10838481
10838503
10838679
10838760
10838854
10838932
10838957
10838989
10839135
10839188
10839209
10839210
10839334
10839540
10839681
10839720
10839884
10839898
10840249
10840293
10840295
10840356
10840405
10840509
10840532
10840664
10840712
10840751
10840769
10840785
10840867
10840874
10841254
10841257
10841259
10841447
10841647
10841732
10841778
10841917
10841966
10842091
10842198
10842225
10842322
10842513
10842573
10842595
10842658
10842671
10842682
10842692
10842709
10842714
10842718
10842945
10842962
10843036
10843052
10843084
10843258
10843540
10843579
10843963
10843979
10844042
10844071
10844156
10844189
10844192
10844221
10844237
10844538
10844668
10844675
10844891
10844999
10845033
10845084
10845101
10845110
10845216
10845332
10845656
10845684
10846012
10846066
10846106
10846157
10846174
10846278
10846354
10846399
10846674
10846740
10846807
10846872
10846906
10847102
10847156
10847488
10847557
10847665
10847741
10847795
10847833
10848022
10848027
10848060
10848080
10848102
10848427
10848507
10848590
10848604
10848612
10848802
10848886
10848992
10849270
10849275
10849335
10849404
10849457
10849531
10849551
10849566
10849687
10849710
10849767
10850013
10850146
10850177
10850273
10850343
10850373
10850449
10850498
10850543
10850547
10850616
10850634
10850663
10850666
10850846
10850968
10851122
10851200
10851275
10851308
10851477
10851512
10851549
10851593
10851799
10851857
10851962
10852054
10852057
10852080
10852124
10852246
10852268
10852325
10852422
10852441
10852480
10852563
10852662
10852871
10852876
10853005
10853107
10853132
10853156
10853263
10853363
10853398
10853406
10853947
10853949
10854180
10854275
10854347
10854523
10854611
10854809
10855281
10855594
10855615
10855693
10855772
10855927
10855930
10855956
10856093
10856361
10856470
10856588
10856619
10856714
10856732
10856802
10857022
10857122
10857216
10857333
10857409
10857433
10857468
10857595
10857688
10857772
10858035
10858196
10858266
10858386
10858435
10858467
10858514
10858542
10858598
10858672
10858757
10858860
10858991
10859026
10859117
10859375
10859377
10859428
10859432
10859453
10859546
10859639
10859741
10859849
10859892
10860011
10860013
10860064
10860159
10860217
10860266
10860291
10860368
10860478
10860693
10860740
10860813
10860876
10861009
10861110
10861114
10861158
10861172
10861218
10861430
10861511
10861827
10861894
10861920
10862045
10862269
10862274
10862321
10862404
10862425
10862456
10862463
10862512
10862555
10862577
10862652
10862722
10862938
10863024
10863302
10863328
10863477
10863490
10863513
10863788
10863833
10863889
10863962
10863982
10864000
10864285
10864419
10864451
10864461
10864464
10864501
10864514
10864539
10864561
10864620
10864764
10864773
10864885
10864887
10864931
10864947
10865076
10865090
10865175
10865214
10865265
10865314
10865667
10865758
10865793
10865875
10865958
10866150
10866324
10866453
10866483
10866491
10866497
10866526
10866665
10866740
10866797
10866799
10866904
10866919
10866953
10867234
10867261
10867309
10867352
10867541
10867677
10867810
10867827
10867878
10867972
10868046
10868129
10868132
10868188
10868370
10868404
10868514
10868924
10868983
10869049
10869055
10869073
10869518
10869667
10869786
10869900
10870005
10870078
10870169
10870249
10870328
10870358
10870530
10870548
10870586
10870596
10870666
10870843
10870997
10871109
10871111
10871173
10871230
10871381
10871492
10871549
10871566
10871752
10871916
10872108
10872123
10872140
10872226
10872226
10872239
10872552
10872710
10872804
10872822
10873102
10873308
10873436
10873642
10873759
10873828
10873944
10873964
10874061
10874071
10874074
10874202
10874626
10874634
10874658
10874741
10875028
10875102
10875211
10875224
10875383
10875398
10875725
10875962
10876002
10876200
10876211
10876310
10876363
10876776
10876805
10876825
10876827
10876940
10877181
10877187
10877272
10877273
10877322
10877367
10877453
10877704
10877737
10877809
10877817
10877877
10877893
10878013
10878177
10878179
10878205
10878226
10878271
10878301
10878376
10878383
10878419
10878494
10878533
10878742
10878766
10878802
10878895
10879121
10879199
10879339
10879441
10879449
10879527
10879535
10879806
10879856
10879978
10880104
10880241
10880399
10880595
10880693
10880755
10880801
10880963
10881036
10881190
10881570
10881641
10881698
10881709
10881785
10881812
10882061
10882063
10882412
10882536
10882629
10882757
10882772
10882838
10883018
10883185
10883186
10883230
10883332
10883369
10883408
10883411
10883515
10883703
10883767
10883772
10883807
10883876
10884037
10884102
10884361
10884400
10884463
10884475
10884505
10884546
10884655
10884905
10884995
10885031
10885068
10885086
10885182
10885300
10885531
10885593
10885938
10885939
10886029
10886069
10886131
10886136
10886259
10886626
10886704
10886817
10887150
10887190
10887351
10887591
10887653
10887665
10887911
10888028
10888079
10888122
10888206
10888318
10888471
10888481
10888576
10888686
10888772
10888789
10889008
10889023
10889210
10889314
